12 1765364989 147449.600000 1 147449.600000 147449.600000 147449.600000
12 1765364999 147853.000000 2 147853.000000 147853.000000 147853.000000
12 1765365009 7604.000000 2 7604.000000 7604.000000 7604.000000
12 1765365014 147449.600000 1 147449.600000 147449.600000 147449.600000
12 1765365019 7200.600000 1 7200.600000 7200.600000 7200.600000
12 1765365024 147853.000000 2 147853.000000 147853.000000 147853.000000
12 1765365029 27536.600000 2 27536.600000 27536.600000 27536.600000
12 1765365034 155229.800000 2 155229.800000 155229.800000 155229.800000
12 1765365039 179874.800000 4 179874.800000 179874.800000 179874.800000
12 1765365044 159715.000000 1 159715.000000 159715.000000 159715.000000
12 1765365049 148256.400000 3 148256.400000 148256.400000 148256.400000
12 1765365054 34737.200000 3 34737.200000 34737.200000 34737.200000
12 1765365059 159727.000000 4 159727.000000 159727.000000 159727.000000
12 1765365064 182981.600000 4 182981.600000 182981.600000 182981.600000
12 1765365069 160118.400000 2 160118.400000 160118.400000 160118.400000
12 1765365074 188121.600000 3 188121.600000 188121.600000 188121.600000
12 1765365079 8007.400000 3 8007.400000 8007.400000 8007.400000
12 1765365084 509347.200000 7 509347.200000 509347.200000 509347.200000
12 1765365089 179924.600000 4 179924.600000 179924.600000 179924.600000
12 1765365094 160521.800000 3 160521.800000 160521.800000 160521.800000
12 1765365099 182590.200000 5 182590.200000 182590.200000 182590.200000
12 1765365104 150447.200000 5 150447.200000 150447.200000 150447.200000
12 1765365109 16799.600000 5 16799.600000 16799.600000 16799.600000
12 1765365114 286266.800000 4 286266.800000 286266.800000 286266.800000
12 1765365119 146757.400000 2 146757.400000 146757.400000 146757.400000
12 1765365124 8861.800000 4 8861.800000 8861.800000 8861.800000
12 1765365129 300761.600000 7 300761.600000 300761.600000 300761.600000
12 1765365134 295512.400000 6 295512.400000 295512.400000 295512.400000
12 1765365139 283597.600000 4 283597.600000 283597.600000 283597.600000
12 1765365144 8553.800000 3 8553.800000 8553.800000 8553.800000
12 1765365149 150351.800000 5 150351.800000 150351.800000 150351.800000
12 1765365154 161269.200000 7 161269.200000 161269.200000 161269.200000
12 1765365159 142993.000000 3 142993.000000 142993.000000 142993.000000
12 1765365164 141490.200000 1 141490.200000 141490.200000 141490.200000
12 1765365169 13820.800000 4 13820.800000 13820.800000 13820.800000
12 1765365174 291534.400000 5 291534.400000 291534.400000 291534.400000
12 1765365179 18779.800000 4 18779.800000 18779.800000 18779.800000
12 1765365184 565961.600000 4 565961.600000 565961.600000 565961.600000
12 1765365189 5883.000000 3 5883.000000 5883.000000 5883.000000
12 1765365194 153639.200000 7 153639.200000 153639.200000 153639.200000
12 1765365199 147756.000000 4 147756.000000 147756.000000 147756.000000
12 1765365204 11532.600000 4 11532.600000 11532.600000 11532.600000
12 1765365209 141490.800000 1 141490.800000 141490.800000 141490.800000
12 1765365214 13820.800000 4 13820.800000 13820.800000 13820.800000
12 1765365219 286268.200000 4 286268.200000 286268.200000 286268.200000
12 1765365224 18779.800000 4 18779.800000 18779.800000 18779.800000
12 1765365229 428431.000000 4 428431.000000 428431.000000 428431.000000
12 1765365234 147374.200000 4 147374.200000 147374.200000 147374.200000
12 1765365239 154636.400000 7 154636.400000 154636.400000 154636.400000
12 1765365244 147756.800000 4 147756.800000 147756.800000 147756.800000
12 1765365249 5883.000000 3 5883.000000 5883.000000 5883.000000
12 1765365254 145362.600000 3 145362.600000 145362.600000 145362.600000
12 1765365259 13820.800000 4 13820.800000 13820.800000 13820.800000
12 1765365264 289750.400000 5 289750.400000 289750.400000 289750.400000
12 1765365269 10030.200000 3 10030.200000 10030.200000 10030.200000
12 1765365274 426654.600000 4 426654.600000 426654.600000 426654.600000
12 1765365279 144467.200000 4 144467.200000 144467.200000 144467.200000
12 1765365284 147577.400000 6 147577.400000 147577.400000 147577.400000
12 1765365289 292396.000000 6 292396.000000 292396.000000 292396.000000
12 1765365294 8553.800000 3 8553.800000 8553.800000 8553.800000
12 1765365299 144777.600000 3 144777.600000 144777.600000 144777.600000
12 1765365304 8553.800000 3 8553.800000 8553.800000 8553.800000
12 1765365309 149510.000000 4 149510.000000 149510.000000 149510.000000
12 1765365314 152933.600000 5 152933.600000 152933.600000 152933.600000
12 1765365319 289001.200000 4 289001.200000 289001.200000 289001.200000
12 1765365324 2841.200000 3 2841.200000 2841.200000 2841.200000
12 1765365329 155311.000000 5 155311.000000 155311.000000 155311.000000
12 1765365334 289212.200000 6 289212.200000 289212.200000 289212.200000
12 1765365339 150960.800000 5 150960.800000 150960.800000 150960.800000
12 1765365344 142999.800000 3 142999.800000 142999.800000 142999.800000
12 1765365349 1777.000000 1 1777.000000 1777.000000 1777.000000
12 1765365354 14432.600000 4 14432.600000 14432.600000 14432.600000
12 1765365359 293823.400000 5 293823.400000 293823.400000 293823.400000
12 1765365364 285959.800000 3 285959.800000 285959.800000 285959.800000
12 1765365369 5575.000000 2 5575.000000 5575.000000 5575.000000
12 1765365374 147374.000000 4 147374.000000 147374.000000 147374.000000
12 1765365379 149062.400000 5 149062.400000 149062.400000 149062.400000
12 1765365384 6573.600000 4 6573.600000 6573.600000 6573.600000
12 1765365389 8553.800000 3 8553.800000 8553.800000 8553.800000
12 1765365394 144469.400000 2 144469.400000 144469.400000 144469.400000
12 1765365399 155003.400000 5 155003.400000 155003.400000 155003.400000
12 1765365404 150548.200000 4 150548.200000 150548.200000 150548.200000
12 1765365409 146562.200000 4 146562.200000 146562.200000 146562.200000
12 1765365414 152502.400000 3 152502.400000 152502.400000 152502.400000
12 1765365419 291844.200000 6 291844.200000 291844.200000 291844.200000
12 1765365424 144776.400000 3 144776.400000 144776.400000 144776.400000
12 1765365429 6573.600000 4 6573.600000 6573.600000 6573.600000
12 1765365434 5575.000000 2 5575.000000 5575.000000 5575.000000
12 1765365439 152715.000000 4 152715.000000 152715.000000 152715.000000
12 1765365444 146735.600000 3 146735.600000 146735.600000 146735.600000
12 1765365449 16924.800000 5 16924.800000 16924.800000 16924.800000
12 1765365454 144469.400000 2 144469.400000 144469.400000 144469.400000
12 1765365459 152332.200000 4 152332.200000 152332.200000 152332.200000
12 1765365464 291534.000000 5 291534.000000 291534.000000 291534.000000
12 1765365469 6369.200000 3 6369.200000 6369.200000 6369.200000
12 1765365474 142002.600000 4 142002.600000 142002.600000 142002.600000
12 1765365479 5267.000000 1 5267.000000 5267.000000 5267.000000
12 1765365484 147756.400000 4 147756.400000 147756.400000 147756.400000
12 1765365489 6712.800000 2 6712.800000 6712.800000 6712.800000
12 1765365494 7108.000000 3 7108.000000 7108.000000 7108.000000
12 1765365499 289864.800000 4 289864.800000 289864.800000 289864.800000
12 1765365504 156470.600000 5 156470.600000 156470.600000 156470.600000
12 1765365509 141798.200000 2 141798.200000 141798.200000 141798.200000
12 1765365514 8861.800000 4 8861.800000 8861.800000 8861.800000
12 1765365519 147449.000000 3 147449.000000 147449.000000 147449.000000
12 1765365524 5575.000000 2 5575.000000 5575.000000 5575.000000
12 1765365529 144777.800000 3 144777.800000 144777.800000 144777.800000
12 1765365534 5267.000000 1 5267.000000 5267.000000 5267.000000
12 1765365539 11636.000000 4 11636.000000 11636.000000 11636.000000
12 1765365544 5267.000000 1 5267.000000 5267.000000 5267.000000
12 1765365549 153814.800000 5 153814.800000 153814.800000 153814.800000
12 1765365554 139627.200000 1 139627.200000 139627.200000 139627.200000
12 1765365559 5575.000000 2 5575.000000 5575.000000 5575.000000
12 1765365564 141365.600000 2 141365.600000 141365.600000 141365.600000
12 1765365569 8245.800000 2 8245.800000 8245.800000 8245.800000
12 1765365574 139440.800000 2 139440.800000 139440.800000 139440.800000
12 1765365579 3596.600000 2 3596.600000 3596.600000 3596.600000
12 1765365584 4285.600000 2 4285.600000 4285.600000 4285.600000
12 1765365589 5267.000000 1 5267.000000 5267.000000 5267.000000
12 1765365594 146429.200000 3 146429.200000 146429.200000 146429.200000
12 1765365599 139750.800000 1 139750.800000 139750.800000 139750.800000
12 1765365604 6573.600000 2 6573.600000 6573.600000 6573.600000
12 1765365609 3390.400000 2 3390.400000 3390.400000 3390.400000
12 1765365614 3286.800000 2 3286.800000 3286.800000 3286.800000
12 1765365624 2978.800000 1 2978.800000 2978.800000 2978.800000
12 1765365639 8349.400000 2 8349.400000 8349.400000 8349.400000
12 1765365644 5470.600000 2 5470.600000 5470.600000 5470.600000
12 1765365649 141056.000000 1 141056.000000 141056.000000 141056.000000
12 1765365654 2268.200000 1 2268.200000 2268.200000 2268.200000
12 1765365664 308.000000 1 308.000000 308.000000 308.000000
12 1765365669 2978.800000 1 2978.800000 2978.800000 2978.800000
12 1765365689 5267.000000 1 5267.000000 5267.000000 5267.000000
12 1765365694 3082.200000 1 3082.200000 3082.200000 3082.200000
