5 1765364987 0.000000 1 0.000000 0.000000 0.000000
6 1765364987 0.000000 1 0.000000 0.000000 0.000000
7 1765364987 0.000000 1 0.000000 0.000000 0.000000
5 1765364992 0.000000 1 0.000000 0.000000 0.000000
6 1765364992 0.000000 1 0.000000 0.000000 0.000000
7 1765364992 0.000000 1 0.000000 0.000000 0.000000
5 1765364997 0.000000 1 0.000000 0.000000 0.000000
6 1765364997 0.000000 1 0.000000 0.000000 0.000000
7 1765364997 0.000000 1 0.000000 0.000000 0.000000
5 1765365002 0.000000 1 0.000000 0.000000 0.000000
6 1765365002 0.000000 1 0.000000 0.000000 0.000000
7 1765365002 0.000000 1 0.000000 0.000000 0.000000
5 1765365007 0.000000 1 0.000000 0.000000 0.000000
6 1765365007 0.000000 1 0.000000 0.000000 0.000000
7 1765365007 0.000000 1 0.000000 0.000000 0.000000
5 1765365012 0.000000 1 0.000000 0.000000 0.000000
6 1765365012 0.000000 1 0.000000 0.000000 0.000000
7 1765365012 0.000000 1 0.000000 0.000000 0.000000
5 1765365017 0.000000 1 0.000000 0.000000 0.000000
6 1765365017 0.000000 1 0.000000 0.000000 0.000000
7 1765365017 0.000000 1 0.000000 0.000000 0.000000
5 1765365022 0.000000 1 0.000000 0.000000 0.000000
6 1765365022 0.000000 1 0.000000 0.000000 0.000000
7 1765365022 0.000000 1 0.000000 0.000000 0.000000
5 1765365027 0.000000 1 0.000000 0.000000 0.000000
6 1765365027 0.000000 1 0.000000 0.000000 0.000000
7 1765365027 0.000000 1 0.000000 0.000000 0.000000
5 1765365032 0.000000 1 0.000000 0.000000 0.000000
6 1765365032 0.000000 1 0.000000 0.000000 0.000000
7 1765365032 0.000000 1 0.000000 0.000000 0.000000
5 1765365037 0.000000 1 0.000000 0.000000 0.000000
6 1765365037 0.000000 1 0.000000 0.000000 0.000000
7 1765365037 0.000000 1 0.000000 0.000000 0.000000
5 1765365042 0.000000 1 0.000000 0.000000 0.000000
6 1765365042 0.000000 1 0.000000 0.000000 0.000000
7 1765365042 0.000000 1 0.000000 0.000000 0.000000
5 1765365047 0.000000 1 0.000000 0.000000 0.000000
6 1765365047 0.000000 1 0.000000 0.000000 0.000000
7 1765365047 0.000000 1 0.000000 0.000000 0.000000
5 1765365052 0.000000 1 0.000000 0.000000 0.000000
6 1765365052 0.000000 1 0.000000 0.000000 0.000000
7 1765365052 0.000000 1 0.000000 0.000000 0.000000
5 1765365057 0.000000 1 0.000000 0.000000 0.000000
6 1765365057 0.000000 1 0.000000 0.000000 0.000000
7 1765365057 0.000000 1 0.000000 0.000000 0.000000
5 1765365062 0.000000 1 0.000000 0.000000 0.000000
6 1765365062 0.000000 1 0.000000 0.000000 0.000000
7 1765365062 0.000000 1 0.000000 0.000000 0.000000
5 1765365067 0.000000 1 0.000000 0.000000 0.000000
6 1765365067 0.000000 1 0.000000 0.000000 0.000000
7 1765365067 0.000000 1 0.000000 0.000000 0.000000
5 1765365072 0.000000 1 0.000000 0.000000 0.000000
6 1765365072 0.000000 1 0.000000 0.000000 0.000000
7 1765365072 0.000000 1 0.000000 0.000000 0.000000
5 1765365077 0.000000 1 0.000000 0.000000 0.000000
6 1765365077 0.000000 1 0.000000 0.000000 0.000000
7 1765365077 0.000000 1 0.000000 0.000000 0.000000
5 1765365082 0.000000 1 0.000000 0.000000 0.000000
6 1765365082 0.000000 1 0.000000 0.000000 0.000000
7 1765365082 0.000000 1 0.000000 0.000000 0.000000
5 1765365087 0.000000 1 0.000000 0.000000 0.000000
6 1765365087 0.000000 1 0.000000 0.000000 0.000000
7 1765365087 0.000000 1 0.000000 0.000000 0.000000
5 1765365092 0.000000 1 0.000000 0.000000 0.000000
6 1765365092 0.000000 1 0.000000 0.000000 0.000000
7 1765365092 0.000000 1 0.000000 0.000000 0.000000
5 1765365097 0.000000 1 0.000000 0.000000 0.000000
6 1765365097 0.000000 1 0.000000 0.000000 0.000000
7 1765365097 0.000000 1 0.000000 0.000000 0.000000
5 1765365102 0.000000 1 0.000000 0.000000 0.000000
6 1765365102 0.000000 1 0.000000 0.000000 0.000000
7 1765365102 0.000000 1 0.000000 0.000000 0.000000
5 1765365107 0.000000 1 0.000000 0.000000 0.000000
6 1765365107 0.000000 1 0.000000 0.000000 0.000000
7 1765365107 0.000000 1 0.000000 0.000000 0.000000
5 1765365112 0.000000 1 0.000000 0.000000 0.000000
6 1765365112 0.000000 1 0.000000 0.000000 0.000000
7 1765365112 0.000000 1 0.000000 0.000000 0.000000
5 1765365117 0.000000 1 0.000000 0.000000 0.000000
6 1765365117 0.000000 1 0.000000 0.000000 0.000000
7 1765365117 0.000000 1 0.000000 0.000000 0.000000
5 1765365122 0.000000 1 0.000000 0.000000 0.000000
6 1765365122 0.000000 1 0.000000 0.000000 0.000000
7 1765365122 0.000000 1 0.000000 0.000000 0.000000
5 1765365127 0.000000 1 0.000000 0.000000 0.000000
6 1765365127 0.000000 1 0.000000 0.000000 0.000000
7 1765365127 0.000000 1 0.000000 0.000000 0.000000
5 1765365132 0.000000 1 0.000000 0.000000 0.000000
6 1765365132 0.000000 1 0.000000 0.000000 0.000000
7 1765365132 0.000000 1 0.000000 0.000000 0.000000
5 1765365137 0.000000 1 0.000000 0.000000 0.000000
6 1765365137 0.000000 1 0.000000 0.000000 0.000000
7 1765365137 0.000000 1 0.000000 0.000000 0.000000
5 1765365142 0.000000 1 0.000000 0.000000 0.000000
6 1765365142 0.000000 1 0.000000 0.000000 0.000000
7 1765365142 0.000000 1 0.000000 0.000000 0.000000
5 1765365147 0.000000 1 0.000000 0.000000 0.000000
6 1765365147 0.000000 1 0.000000 0.000000 0.000000
7 1765365147 0.000000 1 0.000000 0.000000 0.000000
5 1765365152 0.000000 1 0.000000 0.000000 0.000000
6 1765365152 0.000000 1 0.000000 0.000000 0.000000
7 1765365152 0.000000 1 0.000000 0.000000 0.000000
5 1765365157 0.000000 1 0.000000 0.000000 0.000000
6 1765365157 0.000000 1 0.000000 0.000000 0.000000
7 1765365157 0.000000 1 0.000000 0.000000 0.000000
5 1765365162 0.000000 1 0.000000 0.000000 0.000000
6 1765365162 0.000000 1 0.000000 0.000000 0.000000
7 1765365162 0.000000 1 0.000000 0.000000 0.000000
5 1765365167 0.000000 1 0.000000 0.000000 0.000000
6 1765365167 0.000000 1 0.000000 0.000000 0.000000
7 1765365167 0.000000 1 0.000000 0.000000 0.000000
5 1765365172 0.000000 1 0.000000 0.000000 0.000000
6 1765365172 0.000000 1 0.000000 0.000000 0.000000
7 1765365172 0.000000 1 0.000000 0.000000 0.000000
5 1765365177 0.000000 1 0.000000 0.000000 0.000000
6 1765365177 0.000000 1 0.000000 0.000000 0.000000
7 1765365177 0.000000 1 0.000000 0.000000 0.000000
5 1765365182 0.000000 1 0.000000 0.000000 0.000000
6 1765365182 0.000000 1 0.000000 0.000000 0.000000
7 1765365182 0.000000 1 0.000000 0.000000 0.000000
5 1765365187 0.000000 1 0.000000 0.000000 0.000000
6 1765365187 0.000000 1 0.000000 0.000000 0.000000
7 1765365187 0.000000 1 0.000000 0.000000 0.000000
5 1765365192 0.000000 1 0.000000 0.000000 0.000000
6 1765365192 0.000000 1 0.000000 0.000000 0.000000
7 1765365192 0.000000 1 0.000000 0.000000 0.000000
5 1765365197 0.000000 1 0.000000 0.000000 0.000000
6 1765365197 0.000000 1 0.000000 0.000000 0.000000
7 1765365197 0.000000 1 0.000000 0.000000 0.000000
5 1765365202 0.000000 1 0.000000 0.000000 0.000000
6 1765365202 0.000000 1 0.000000 0.000000 0.000000
7 1765365202 0.000000 1 0.000000 0.000000 0.000000
5 1765365207 0.000000 1 0.000000 0.000000 0.000000
6 1765365207 0.000000 1 0.000000 0.000000 0.000000
7 1765365207 0.000000 1 0.000000 0.000000 0.000000
5 1765365212 0.000000 1 0.000000 0.000000 0.000000
6 1765365212 0.000000 1 0.000000 0.000000 0.000000
7 1765365212 0.000000 1 0.000000 0.000000 0.000000
5 1765365217 0.000000 1 0.000000 0.000000 0.000000
6 1765365217 0.000000 1 0.000000 0.000000 0.000000
7 1765365217 0.000000 1 0.000000 0.000000 0.000000
5 1765365222 0.000000 1 0.000000 0.000000 0.000000
6 1765365222 0.000000 1 0.000000 0.000000 0.000000
7 1765365222 0.000000 1 0.000000 0.000000 0.000000
5 1765365227 0.000000 1 0.000000 0.000000 0.000000
6 1765365227 0.000000 1 0.000000 0.000000 0.000000
7 1765365227 0.000000 1 0.000000 0.000000 0.000000
5 1765365232 0.000000 1 0.000000 0.000000 0.000000
6 1765365232 0.000000 1 0.000000 0.000000 0.000000
7 1765365232 0.000000 1 0.000000 0.000000 0.000000
5 1765365237 0.000000 1 0.000000 0.000000 0.000000
6 1765365237 0.000000 1 0.000000 0.000000 0.000000
7 1765365237 0.000000 1 0.000000 0.000000 0.000000
5 1765365242 0.000000 1 0.000000 0.000000 0.000000
6 1765365242 0.000000 1 0.000000 0.000000 0.000000
7 1765365242 0.000000 1 0.000000 0.000000 0.000000
5 1765365247 0.000000 1 0.000000 0.000000 0.000000
6 1765365247 0.000000 1 0.000000 0.000000 0.000000
7 1765365247 0.000000 1 0.000000 0.000000 0.000000
5 1765365252 0.000000 1 0.000000 0.000000 0.000000
6 1765365252 0.000000 1 0.000000 0.000000 0.000000
7 1765365252 0.000000 1 0.000000 0.000000 0.000000
5 1765365257 0.000000 1 0.000000 0.000000 0.000000
6 1765365257 0.000000 1 0.000000 0.000000 0.000000
7 1765365257 0.000000 1 0.000000 0.000000 0.000000
5 1765365262 0.000000 1 0.000000 0.000000 0.000000
6 1765365262 0.000000 1 0.000000 0.000000 0.000000
7 1765365262 0.000000 1 0.000000 0.000000 0.000000
5 1765365267 0.000000 1 0.000000 0.000000 0.000000
6 1765365267 0.000000 1 0.000000 0.000000 0.000000
7 1765365267 0.000000 1 0.000000 0.000000 0.000000
5 1765365272 0.000000 1 0.000000 0.000000 0.000000
6 1765365272 0.000000 1 0.000000 0.000000 0.000000
7 1765365272 0.000000 1 0.000000 0.000000 0.000000
5 1765365277 0.000000 1 0.000000 0.000000 0.000000
6 1765365277 0.000000 1 0.000000 0.000000 0.000000
7 1765365277 0.000000 1 0.000000 0.000000 0.000000
5 1765365282 0.000000 1 0.000000 0.000000 0.000000
6 1765365282 0.000000 1 0.000000 0.000000 0.000000
7 1765365282 0.000000 1 0.000000 0.000000 0.000000
5 1765365287 0.000000 1 0.000000 0.000000 0.000000
6 1765365287 0.000000 1 0.000000 0.000000 0.000000
7 1765365287 0.000000 1 0.000000 0.000000 0.000000
5 1765365292 0.000000 1 0.000000 0.000000 0.000000
6 1765365292 0.000000 1 0.000000 0.000000 0.000000
7 1765365292 0.000000 1 0.000000 0.000000 0.000000
5 1765365297 0.000000 1 0.000000 0.000000 0.000000
6 1765365297 0.000000 1 0.000000 0.000000 0.000000
7 1765365297 0.000000 1 0.000000 0.000000 0.000000
5 1765365302 0.000000 1 0.000000 0.000000 0.000000
6 1765365302 0.000000 1 0.000000 0.000000 0.000000
7 1765365302 0.000000 1 0.000000 0.000000 0.000000
5 1765365307 0.000000 1 0.000000 0.000000 0.000000
6 1765365307 0.000000 1 0.000000 0.000000 0.000000
7 1765365307 0.000000 1 0.000000 0.000000 0.000000
5 1765365312 0.000000 1 0.000000 0.000000 0.000000
6 1765365312 0.000000 1 0.000000 0.000000 0.000000
7 1765365312 0.000000 1 0.000000 0.000000 0.000000
5 1765365317 0.000000 1 0.000000 0.000000 0.000000
6 1765365317 0.000000 1 0.000000 0.000000 0.000000
7 1765365317 0.000000 1 0.000000 0.000000 0.000000
5 1765365322 0.000000 1 0.000000 0.000000 0.000000
6 1765365322 0.000000 1 0.000000 0.000000 0.000000
7 1765365322 0.000000 1 0.000000 0.000000 0.000000
5 1765365327 0.000000 1 0.000000 0.000000 0.000000
6 1765365327 0.000000 1 0.000000 0.000000 0.000000
7 1765365327 0.000000 1 0.000000 0.000000 0.000000
5 1765365332 0.000000 1 0.000000 0.000000 0.000000
6 1765365332 0.000000 1 0.000000 0.000000 0.000000
7 1765365332 0.000000 1 0.000000 0.000000 0.000000
5 1765365337 0.000000 1 0.000000 0.000000 0.000000
6 1765365337 0.000000 1 0.000000 0.000000 0.000000
7 1765365337 0.000000 1 0.000000 0.000000 0.000000
5 1765365342 0.000000 1 0.000000 0.000000 0.000000
6 1765365342 0.000000 1 0.000000 0.000000 0.000000
7 1765365342 0.000000 1 0.000000 0.000000 0.000000
5 1765365347 0.000000 1 0.000000 0.000000 0.000000
6 1765365347 0.000000 1 0.000000 0.000000 0.000000
7 1765365347 0.000000 1 0.000000 0.000000 0.000000
5 1765365352 0.000000 1 0.000000 0.000000 0.000000
6 1765365352 0.000000 1 0.000000 0.000000 0.000000
7 1765365352 0.000000 1 0.000000 0.000000 0.000000
5 1765365357 0.000000 1 0.000000 0.000000 0.000000
6 1765365357 0.000000 1 0.000000 0.000000 0.000000
7 1765365357 0.000000 1 0.000000 0.000000 0.000000
5 1765365362 0.000000 1 0.000000 0.000000 0.000000
6 1765365362 0.000000 1 0.000000 0.000000 0.000000
7 1765365362 0.000000 1 0.000000 0.000000 0.000000
5 1765365367 0.000000 1 0.000000 0.000000 0.000000
6 1765365367 0.000000 1 0.000000 0.000000 0.000000
7 1765365367 0.000000 1 0.000000 0.000000 0.000000
5 1765365372 0.000000 1 0.000000 0.000000 0.000000
6 1765365372 0.000000 1 0.000000 0.000000 0.000000
7 1765365372 0.000000 1 0.000000 0.000000 0.000000
5 1765365377 0.000000 1 0.000000 0.000000 0.000000
6 1765365377 0.000000 1 0.000000 0.000000 0.000000
7 1765365377 0.000000 1 0.000000 0.000000 0.000000
5 1765365382 0.000000 1 0.000000 0.000000 0.000000
6 1765365382 0.000000 1 0.000000 0.000000 0.000000
7 1765365382 0.000000 1 0.000000 0.000000 0.000000
5 1765365387 0.000000 1 0.000000 0.000000 0.000000
6 1765365387 0.000000 1 0.000000 0.000000 0.000000
7 1765365387 0.000000 1 0.000000 0.000000 0.000000
5 1765365392 0.000000 1 0.000000 0.000000 0.000000
6 1765365392 0.000000 1 0.000000 0.000000 0.000000
7 1765365392 0.000000 1 0.000000 0.000000 0.000000
5 1765365397 0.000000 1 0.000000 0.000000 0.000000
6 1765365397 0.000000 1 0.000000 0.000000 0.000000
7 1765365397 0.000000 1 0.000000 0.000000 0.000000
5 1765365402 0.000000 1 0.000000 0.000000 0.000000
6 1765365402 0.000000 1 0.000000 0.000000 0.000000
7 1765365402 0.000000 1 0.000000 0.000000 0.000000
5 1765365407 0.000000 1 0.000000 0.000000 0.000000
6 1765365407 0.000000 1 0.000000 0.000000 0.000000
7 1765365407 0.000000 1 0.000000 0.000000 0.000000
5 1765365412 0.000000 1 0.000000 0.000000 0.000000
6 1765365412 0.000000 1 0.000000 0.000000 0.000000
7 1765365412 0.000000 1 0.000000 0.000000 0.000000
5 1765365417 0.000000 1 0.000000 0.000000 0.000000
6 1765365417 0.000000 1 0.000000 0.000000 0.000000
7 1765365417 0.000000 1 0.000000 0.000000 0.000000
5 1765365422 0.000000 1 0.000000 0.000000 0.000000
6 1765365422 0.000000 1 0.000000 0.000000 0.000000
7 1765365422 0.000000 1 0.000000 0.000000 0.000000
5 1765365427 0.000000 1 0.000000 0.000000 0.000000
6 1765365427 0.000000 1 0.000000 0.000000 0.000000
7 1765365427 0.000000 1 0.000000 0.000000 0.000000
5 1765365432 0.000000 1 0.000000 0.000000 0.000000
6 1765365432 0.000000 1 0.000000 0.000000 0.000000
7 1765365432 0.000000 1 0.000000 0.000000 0.000000
5 1765365437 0.000000 1 0.000000 0.000000 0.000000
6 1765365437 0.000000 1 0.000000 0.000000 0.000000
7 1765365437 0.000000 1 0.000000 0.000000 0.000000
5 1765365442 0.000000 1 0.000000 0.000000 0.000000
6 1765365442 0.000000 1 0.000000 0.000000 0.000000
7 1765365442 0.000000 1 0.000000 0.000000 0.000000
5 1765365447 0.000000 1 0.000000 0.000000 0.000000
6 1765365447 0.000000 1 0.000000 0.000000 0.000000
7 1765365447 0.000000 1 0.000000 0.000000 0.000000
5 1765365452 0.000000 1 0.000000 0.000000 0.000000
6 1765365452 0.000000 1 0.000000 0.000000 0.000000
7 1765365452 0.000000 1 0.000000 0.000000 0.000000
5 1765365457 0.000000 1 0.000000 0.000000 0.000000
6 1765365457 0.000000 1 0.000000 0.000000 0.000000
7 1765365457 0.000000 1 0.000000 0.000000 0.000000
5 1765365462 0.000000 1 0.000000 0.000000 0.000000
6 1765365462 0.000000 1 0.000000 0.000000 0.000000
7 1765365462 0.000000 1 0.000000 0.000000 0.000000
5 1765365467 0.000000 1 0.000000 0.000000 0.000000
6 1765365467 0.000000 1 0.000000 0.000000 0.000000
7 1765365467 0.000000 1 0.000000 0.000000 0.000000
5 1765365472 0.000000 1 0.000000 0.000000 0.000000
6 1765365472 0.000000 1 0.000000 0.000000 0.000000
7 1765365472 0.000000 1 0.000000 0.000000 0.000000
5 1765365477 0.000000 1 0.000000 0.000000 0.000000
6 1765365477 0.000000 1 0.000000 0.000000 0.000000
7 1765365477 0.000000 1 0.000000 0.000000 0.000000
5 1765365482 0.000000 1 0.000000 0.000000 0.000000
6 1765365482 0.000000 1 0.000000 0.000000 0.000000
7 1765365482 0.000000 1 0.000000 0.000000 0.000000
5 1765365487 0.000000 1 0.000000 0.000000 0.000000
6 1765365487 0.000000 1 0.000000 0.000000 0.000000
7 1765365487 0.000000 1 0.000000 0.000000 0.000000
5 1765365492 0.000000 1 0.000000 0.000000 0.000000
6 1765365492 0.000000 1 0.000000 0.000000 0.000000
7 1765365492 0.000000 1 0.000000 0.000000 0.000000
5 1765365497 0.000000 1 0.000000 0.000000 0.000000
6 1765365497 0.000000 1 0.000000 0.000000 0.000000
7 1765365497 0.000000 1 0.000000 0.000000 0.000000
5 1765365502 0.000000 1 0.000000 0.000000 0.000000
6 1765365502 0.000000 1 0.000000 0.000000 0.000000
7 1765365502 0.000000 1 0.000000 0.000000 0.000000
5 1765365507 0.000000 1 0.000000 0.000000 0.000000
6 1765365507 0.000000 1 0.000000 0.000000 0.000000
7 1765365507 0.000000 1 0.000000 0.000000 0.000000
5 1765365512 0.000000 1 0.000000 0.000000 0.000000
6 1765365512 0.000000 1 0.000000 0.000000 0.000000
7 1765365512 0.000000 1 0.000000 0.000000 0.000000
5 1765365517 0.000000 1 0.000000 0.000000 0.000000
6 1765365517 0.000000 1 0.000000 0.000000 0.000000
7 1765365517 0.000000 1 0.000000 0.000000 0.000000
5 1765365522 0.000000 1 0.000000 0.000000 0.000000
6 1765365522 0.000000 1 0.000000 0.000000 0.000000
7 1765365522 0.000000 1 0.000000 0.000000 0.000000
5 1765365527 0.000000 1 0.000000 0.000000 0.000000
6 1765365527 0.000000 1 0.000000 0.000000 0.000000
7 1765365527 0.000000 1 0.000000 0.000000 0.000000
5 1765365532 0.000000 1 0.000000 0.000000 0.000000
6 1765365532 0.000000 1 0.000000 0.000000 0.000000
7 1765365532 0.000000 1 0.000000 0.000000 0.000000
5 1765365537 0.000000 1 0.000000 0.000000 0.000000
6 1765365537 0.000000 1 0.000000 0.000000 0.000000
7 1765365537 0.000000 1 0.000000 0.000000 0.000000
5 1765365542 0.000000 1 0.000000 0.000000 0.000000
6 1765365542 0.000000 1 0.000000 0.000000 0.000000
7 1765365542 0.000000 1 0.000000 0.000000 0.000000
5 1765365547 0.000000 1 0.000000 0.000000 0.000000
6 1765365547 0.000000 1 0.000000 0.000000 0.000000
7 1765365547 0.000000 1 0.000000 0.000000 0.000000
5 1765365552 0.000000 1 0.000000 0.000000 0.000000
6 1765365552 0.000000 1 0.000000 0.000000 0.000000
7 1765365552 0.000000 1 0.000000 0.000000 0.000000
5 1765365557 0.000000 1 0.000000 0.000000 0.000000
6 1765365557 0.000000 1 0.000000 0.000000 0.000000
7 1765365557 0.000000 1 0.000000 0.000000 0.000000
5 1765365562 0.000000 1 0.000000 0.000000 0.000000
6 1765365562 0.000000 1 0.000000 0.000000 0.000000
7 1765365562 0.000000 1 0.000000 0.000000 0.000000
5 1765365567 0.000000 1 0.000000 0.000000 0.000000
6 1765365567 0.000000 1 0.000000 0.000000 0.000000
7 1765365567 0.000000 1 0.000000 0.000000 0.000000
5 1765365572 0.000000 1 0.000000 0.000000 0.000000
6 1765365572 0.000000 1 0.000000 0.000000 0.000000
7 1765365572 0.000000 1 0.000000 0.000000 0.000000
5 1765365577 0.000000 1 0.000000 0.000000 0.000000
6 1765365577 0.000000 1 0.000000 0.000000 0.000000
7 1765365577 0.000000 1 0.000000 0.000000 0.000000
5 1765365582 0.000000 1 0.000000 0.000000 0.000000
6 1765365582 0.000000 1 0.000000 0.000000 0.000000
7 1765365582 0.000000 1 0.000000 0.000000 0.000000
5 1765365587 0.000000 1 0.000000 0.000000 0.000000
6 1765365587 0.000000 1 0.000000 0.000000 0.000000
7 1765365587 0.000000 1 0.000000 0.000000 0.000000
5 1765365592 0.000000 1 0.000000 0.000000 0.000000
6 1765365592 0.000000 1 0.000000 0.000000 0.000000
7 1765365592 0.000000 1 0.000000 0.000000 0.000000
5 1765365597 0.000000 1 0.000000 0.000000 0.000000
6 1765365597 0.000000 1 0.000000 0.000000 0.000000
7 1765365597 0.000000 1 0.000000 0.000000 0.000000
5 1765365602 0.000000 1 0.000000 0.000000 0.000000
6 1765365602 0.000000 1 0.000000 0.000000 0.000000
7 1765365602 0.000000 1 0.000000 0.000000 0.000000
5 1765365607 0.000000 1 0.000000 0.000000 0.000000
6 1765365607 0.000000 1 0.000000 0.000000 0.000000
7 1765365607 0.000000 1 0.000000 0.000000 0.000000
5 1765365612 0.000000 1 0.000000 0.000000 0.000000
6 1765365612 0.000000 1 0.000000 0.000000 0.000000
7 1765365612 0.000000 1 0.000000 0.000000 0.000000
5 1765365617 0.000000 1 0.000000 0.000000 0.000000
6 1765365617 0.000000 1 0.000000 0.000000 0.000000
7 1765365617 0.000000 1 0.000000 0.000000 0.000000
5 1765365622 0.000000 1 0.000000 0.000000 0.000000
6 1765365622 0.000000 1 0.000000 0.000000 0.000000
7 1765365622 0.000000 1 0.000000 0.000000 0.000000
5 1765365627 0.000000 1 0.000000 0.000000 0.000000
6 1765365627 0.000000 1 0.000000 0.000000 0.000000
7 1765365627 0.000000 1 0.000000 0.000000 0.000000
5 1765365632 0.000000 1 0.000000 0.000000 0.000000
6 1765365632 0.000000 1 0.000000 0.000000 0.000000
7 1765365632 0.000000 1 0.000000 0.000000 0.000000
5 1765365637 0.000000 1 0.000000 0.000000 0.000000
6 1765365637 0.000000 1 0.000000 0.000000 0.000000
7 1765365637 0.000000 1 0.000000 0.000000 0.000000
5 1765365642 0.000000 1 0.000000 0.000000 0.000000
6 1765365642 0.000000 1 0.000000 0.000000 0.000000
7 1765365642 0.000000 1 0.000000 0.000000 0.000000
5 1765365647 0.000000 1 0.000000 0.000000 0.000000
6 1765365647 0.000000 1 0.000000 0.000000 0.000000
7 1765365647 0.000000 1 0.000000 0.000000 0.000000
5 1765365652 0.000000 1 0.000000 0.000000 0.000000
6 1765365652 0.000000 1 0.000000 0.000000 0.000000
7 1765365652 0.000000 1 0.000000 0.000000 0.000000
5 1765365657 0.000000 1 0.000000 0.000000 0.000000
6 1765365657 0.000000 1 0.000000 0.000000 0.000000
7 1765365657 0.000000 1 0.000000 0.000000 0.000000
5 1765365662 0.000000 1 0.000000 0.000000 0.000000
6 1765365662 0.000000 1 0.000000 0.000000 0.000000
7 1765365662 0.000000 1 0.000000 0.000000 0.000000
5 1765365667 0.000000 1 0.000000 0.000000 0.000000
6 1765365667 0.000000 1 0.000000 0.000000 0.000000
7 1765365667 0.000000 1 0.000000 0.000000 0.000000
5 1765365672 0.000000 1 0.000000 0.000000 0.000000
6 1765365672 0.000000 1 0.000000 0.000000 0.000000
7 1765365672 0.000000 1 0.000000 0.000000 0.000000
5 1765365677 0.000000 1 0.000000 0.000000 0.000000
6 1765365677 0.000000 1 0.000000 0.000000 0.000000
7 1765365677 0.000000 1 0.000000 0.000000 0.000000
5 1765365682 0.000000 1 0.000000 0.000000 0.000000
6 1765365682 0.000000 1 0.000000 0.000000 0.000000
7 1765365682 0.000000 1 0.000000 0.000000 0.000000
5 1765365687 0.000000 1 0.000000 0.000000 0.000000
6 1765365687 0.000000 1 0.000000 0.000000 0.000000
7 1765365687 0.000000 1 0.000000 0.000000 0.000000
5 1765365692 0.000000 1 0.000000 0.000000 0.000000
6 1765365692 0.000000 1 0.000000 0.000000 0.000000
7 1765365692 0.000000 1 0.000000 0.000000 0.000000
5 1765365697 0.000000 1 0.000000 0.000000 0.000000
6 1765365697 0.000000 1 0.000000 0.000000 0.000000
7 1765365697 0.000000 1 0.000000 0.000000 0.000000
5 1765365702 0.000000 1 0.000000 0.000000 0.000000
6 1765365702 0.000000 1 0.000000 0.000000 0.000000
7 1765365702 0.000000 1 0.000000 0.000000 0.000000
5 1765365707 0.000000 1 0.000000 0.000000 0.000000
6 1765365707 0.000000 1 0.000000 0.000000 0.000000
7 1765365707 0.000000 1 0.000000 0.000000 0.000000
5 1765365712 0.000000 1 0.000000 0.000000 0.000000
6 1765365712 0.000000 1 0.000000 0.000000 0.000000
7 1765365712 0.000000 1 0.000000 0.000000 0.000000
5 1765365717 0.000000 1 0.000000 0.000000 0.000000
6 1765365717 0.000000 1 0.000000 0.000000 0.000000
7 1765365717 0.000000 1 0.000000 0.000000 0.000000
5 1765365722 0.000000 1 0.000000 0.000000 0.000000
6 1765365722 0.000000 1 0.000000 0.000000 0.000000
7 1765365722 0.000000 1 0.000000 0.000000 0.000000
5 1765365727 0.000000 1 0.000000 0.000000 0.000000
6 1765365727 0.000000 1 0.000000 0.000000 0.000000
7 1765365727 0.000000 1 0.000000 0.000000 0.000000
5 1765365732 0.000000 1 0.000000 0.000000 0.000000
6 1765365732 0.000000 1 0.000000 0.000000 0.000000
7 1765365732 0.000000 1 0.000000 0.000000 0.000000
5 1765365737 0.000000 1 0.000000 0.000000 0.000000
6 1765365737 0.000000 1 0.000000 0.000000 0.000000
7 1765365737 0.000000 1 0.000000 0.000000 0.000000
5 1765365742 0.000000 1 0.000000 0.000000 0.000000
6 1765365742 0.000000 1 0.000000 0.000000 0.000000
7 1765365742 0.000000 1 0.000000 0.000000 0.000000
5 1765365747 0.000000 1 0.000000 0.000000 0.000000
6 1765365747 0.000000 1 0.000000 0.000000 0.000000
7 1765365747 0.000000 1 0.000000 0.000000 0.000000
5 1765365752 0.000000 1 0.000000 0.000000 0.000000
6 1765365752 0.000000 1 0.000000 0.000000 0.000000
7 1765365752 0.000000 1 0.000000 0.000000 0.000000
5 1765365757 0.000000 1 0.000000 0.000000 0.000000
6 1765365757 0.000000 1 0.000000 0.000000 0.000000
7 1765365757 0.000000 1 0.000000 0.000000 0.000000
5 1765365762 0.000000 1 0.000000 0.000000 0.000000
6 1765365762 0.000000 1 0.000000 0.000000 0.000000
7 1765365762 0.000000 1 0.000000 0.000000 0.000000
5 1765365767 0.000000 1 0.000000 0.000000 0.000000
6 1765365767 0.000000 1 0.000000 0.000000 0.000000
7 1765365767 0.000000 1 0.000000 0.000000 0.000000
