10 1765364984 0.003482 1 0.003482 0.003482 0.003482
18 1765364994 12.204114 1 12.204114 12.204114 12.204114
10 1765364994 0.000450 1 0.000450 0.000450 0.000450
20 1765364994 8.775831 1 8.775831 8.775831 8.775831
18 1765365004 11.979058 1 11.979058 11.979058 11.979058
23 1765365004 7.869260 1 7.869260 7.869260 7.869260
10 1765365004 0.000360 1 0.000360 0.000360 0.000360
25 1765365004 7.869084 1 7.869084 7.869084 7.869084
20 1765365004 8.965388 1 8.965388 8.965388 8.965388
23 1765365014 7.502001 1 7.502001 7.502001 7.502001
25 1765365014 7.501687 1 7.501687 7.501687 7.501687
18 1765365019 12.177187 1 12.177187 12.177187 12.177187
10 1765365019 0.000298 1 0.000298 0.000298 0.000298
20 1765365019 8.824906 1 8.824906 8.824906 8.824906
27 1765365024 0.807974 1 0.807974 0.807974 0.807974
29 1765365024 0.808143 1 0.808143 0.808143 0.808143
23 1765365024 7.740985 1 7.740985 7.740985 7.740985
31 1765365024 20.755305 1 20.755305 20.755305 20.755305
33 1765365024 20.755503 1 20.755503 20.755503 20.755503
25 1765365024 7.740870 1 7.740870 7.740870 7.740870
18 1765365029 11.643372 1 11.643372 11.643372 11.643372
35 1765365029 5.284852 1 5.284852 5.284852 5.284852
10 1765365029 0.000257 1 0.000257 0.000257 0.000257
37 1765365029 4.905941 1 4.905941 4.905941 4.905941
20 1765365029 8.970900 1 8.970900 8.970900 8.970900
27 1765365034 0.761908 1 0.761908 0.761908 0.761908
29 1765365034 0.762017 1 0.762017 0.762017 0.762017
39 1765365034 1.322811 1 1.322811 1.322811 1.322811
41 1765365034 1.322708 1 1.322708 1.322708 1.322708
31 1765365034 20.346894 1 20.346894 20.346894 20.346894
33 1765365034 20.347117 1 20.347117 20.347117 20.347117
23 1765365039 7.009749 1 7.009749 7.009749 7.009749
39 1765365039 0.592047 1 0.592047 0.592047 0.592047
41 1765365039 0.591815 1 0.591815 0.591815 0.591815
35 1765365039 5.431403 1 5.431403 5.431403 5.431403
25 1765365039 7.009510 1 7.009510 7.009510 7.009510
37 1765365039 4.924276 1 4.924276 4.924276 4.924276
18 1765365044 12.488170 2 12.488170 12.488170 12.488170
10 1765365044 0.000249 1 0.000249 0.000249 0.000249
20 1765365044 8.850304 2 8.850304 8.850304 8.850304
27 1765365049 2.862974 1 2.862974 2.862974 2.862974
29 1765365049 2.863214 1 2.863214 2.863214 2.863214
23 1765365049 6.985117 2 6.985117 6.985117 6.985117
31 1765365049 20.247771 1 20.247771 20.247771 20.247771
33 1765365049 20.247972 1 20.247972 20.247972 20.247972
25 1765365049 6.984936 2 6.984936 6.984936 6.984936
18 1765365054 11.569176 2 11.569176 11.569176 11.569176
35 1765365054 4.978393 1 4.978393 4.978393 4.978393
10 1765365054 0.000398 1 0.000398 0.000398 0.000398
37 1765365054 4.628290 1 4.628290 4.628290 4.628290
20 1765365054 8.771991 2 8.771991 8.771991 8.771991
27 1765365059 0.691140 1 0.691140 0.691140 0.691140
29 1765365059 0.691378 1 0.691378 0.691378 0.691378
23 1765365059 6.960402 2 6.960402 6.960402 6.960402
39 1765365059 5.355757 1 5.355757 5.355757 5.355757
41 1765365059 5.355556 1 5.355556 5.355556 5.355556
31 1765365059 20.311306 1 20.311306 20.311306 20.311306
33 1765365059 20.311586 1 20.311586 20.311586 20.311586
25 1765365059 6.960200 2 6.960200 6.960200 6.960200
18 1765365064 11.366210 1 11.366210 11.366210 11.366210
39 1765365064 0.630668 1 0.630668 0.630668 0.630668
41 1765365064 0.630481 1 0.630481 0.630481 0.630481
35 1765365064 5.114620 1 5.114620 5.114620 5.114620
37 1765365064 4.775313 1 4.775313 4.775313 4.775313
20 1765365064 8.882877 1 8.882877 8.882877 8.882877
31 1765365069 20.330392 2 20.330392 20.330392 20.330392
33 1765365069 20.330624 2 20.330624 20.330624 20.330624
10 1765365069 0.000390 1 0.000390 0.000390 0.000390
27 1765365074 1.033534 2 1.033534 1.033534 1.033534
18 1765365074 12.837404 2 12.837404 12.837404 12.837404
29 1765365074 1.033759 2 1.033759 1.033759 1.033759
23 1765365074 7.085959 1 7.085959 7.085959 7.085959
25 1765365074 7.085747 1 7.085747 7.085747 7.085747
20 1765365074 9.159025 2 9.159025 9.159025 9.159025
27 1765365079 0.689894 1 0.689894 0.689894 0.689894
18 1765365079 11.970203 1 11.970203 11.970203 11.970203
29 1765365079 0.690148 1 0.690148 0.690148 0.690148
23 1765365079 7.295822 1 7.295822 7.295822 7.295822
39 1765365079 0.567535 2 0.567535 0.567535 0.567535
41 1765365079 0.567373 2 0.567373 0.567373 0.567373
35 1765365079 5.447869 2 5.447869 5.447869 5.447869
31 1765365079 20.271674 2 20.271674 20.271674 20.271674
33 1765365079 20.271911 2 20.271911 20.271911 20.271911
10 1765365079 0.000392 1 0.000392 0.000392 0.000392
25 1765365079 7.295633 1 7.295633 7.295633 7.295633
37 1765365079 4.701072 2 4.701072 4.701072 4.701072
20 1765365079 9.011450 1 9.011450 9.011450 9.011450
27 1765365084 0.691413 1 0.691413 0.691413 0.691413
29 1765365084 0.691605 1 0.691605 0.691605 0.691605
23 1765365084 6.969050 2 6.969050 6.969050 6.969050
39 1765365084 0.707299 1 0.707299 0.707299 0.707299
41 1765365084 0.707151 1 0.707151 0.707151 0.707151
35 1765365084 4.950888 1 4.950888 4.950888 4.950888
25 1765365084 6.968928 2 6.968928 6.968928 6.968928
37 1765365084 4.613124 1 4.613124 4.613124 4.613124
18 1765365089 11.580687 2 11.580687 11.580687 11.580687
39 1765365089 0.633528 1 0.633528 0.633528 0.633528
41 1765365089 0.633297 1 0.633297 0.633297 0.633297
35 1765365089 4.975321 1 4.975321 4.975321 4.975321
10 1765365089 0.000236 1 0.000236 0.000236 0.000236
37 1765365089 4.624522 1 4.624522 4.624522 4.624522
20 1765365089 8.666237 2 8.666237 8.666237 8.666237
27 1765365094 0.691761 1 0.691761 0.691761 0.691761
18 1765365094 15.605101 1 15.605101 15.605101 15.605101
29 1765365094 0.691953 1 0.691953 0.691953 0.691953
23 1765365094 6.964648 1 6.964648 6.964648 6.964648
31 1765365094 20.246817 1 20.246817 20.246817 20.246817
33 1765365094 20.247090 1 20.247090 20.247090 20.247090
25 1765365094 6.964464 1 6.964464 6.964464 6.964464
20 1765365094 8.758400 1 8.758400 8.758400 8.758400
27 1765365099 0.733543 1 0.733543 0.733543 0.733543
18 1765365099 11.435433 2 11.435433 11.435433 11.435433
29 1765365099 0.733715 1 0.733715 0.733715 0.733715
23 1765365099 7.280106 1 7.280106 7.280106 7.280106
39 1765365099 0.648779 1 0.648779 0.648779 0.648779
41 1765365099 0.648545 1 0.648545 0.648545 0.648545
35 1765365099 4.937364 1 4.937364 4.937364 4.937364
31 1765365099 20.312481 1 20.312481 20.312481 20.312481
33 1765365099 20.312669 1 20.312669 20.312669 20.312669
25 1765365099 7.279932 1 7.279932 7.279932 7.279932
37 1765365099 4.608832 1 4.608832 4.608832 4.608832
20 1765365099 8.680831 2 8.680831 8.680831 8.680831
27 1765365104 0.729254 1 0.729254 0.729254 0.729254
18 1765365104 11.394097 1 11.394097 11.394097 11.394097
29 1765365104 0.729456 1 0.729456 0.729456 0.729456
23 1765365104 7.099028 3 7.099028 7.099028 7.099028
35 1765365104 5.021218 1 5.021218 5.021218 5.021218
31 1765365104 20.316877 2 20.316877 20.316877 20.316877
33 1765365104 20.317081 2 20.317081 20.317081 20.317081
25 1765365104 7.098698 3 7.098698 7.098698 7.098698
37 1765365104 4.629604 1 4.629604 4.629604 4.629604
20 1765365104 8.672158 1 8.672158 8.672158 8.672158
27 1765365109 1.008486 1 1.008486 1.008486 1.008486
18 1765365109 11.129659 1 11.129659 11.129659 11.129659
29 1765365109 1.008743 1 1.008743 1.008743 1.008743
23 1765365109 6.987951 1 6.987951 6.987951 6.987951
39 1765365109 0.535567 2 0.535567 0.535567 0.535567
41 1765365109 0.535273 2 0.535273 0.535273 0.535273
35 1765365109 5.019740 1 5.019740 5.019740 5.019740
25 1765365109 6.987761 1 6.987761 6.987761 6.987761
37 1765365109 4.671754 1 4.671754 4.671754 4.671754
20 1765365109 8.656051 1 8.656051 8.656051 8.656051
39 1765365114 0.577284 1 0.577284 0.577284 0.577284
41 1765365114 0.577092 1 0.577092 0.577092 0.577092
35 1765365114 4.948164 1 4.948164 4.948164 4.948164
31 1765365114 20.295833 1 20.295833 20.295833 20.295833
33 1765365114 20.296008 1 20.296008 20.296008 20.296008
37 1765365114 4.603576 1 4.603576 4.603576 4.603576
27 1765365119 0.687523 2 0.687523 0.687523 0.687523
18 1765365119 11.338043 1 11.338043 11.338043 11.338043
29 1765365119 0.687795 2 0.687795 0.687795 0.687795
23 1765365119 6.919812 1 6.919812 6.919812 6.919812
31 1765365119 20.257250 1 20.257250 20.257250 20.257250
33 1765365119 20.257802 1 20.257802 20.257802 20.257802
25 1765365119 6.919566 1 6.919566 6.919566 6.919566
20 1765365119 8.650008 1 8.650008 8.650008 8.650008
27 1765365124 0.881653 2 0.881653 0.881653 0.881653
18 1765365124 11.694117 2 11.694117 11.694117 11.694117
29 1765365124 0.881821 2 0.881821 0.881821 0.881821
23 1765365124 6.931431 1 6.931431 6.931431 6.931431
39 1765365124 0.539069 2 0.539069 0.539069 0.539069
41 1765365124 0.538869 2 0.538869 0.538869 0.538869
35 1765365124 4.948429 2 4.948429 4.948429 4.948429
31 1765365124 20.282859 3 20.282859 20.282859 20.282859
33 1765365124 20.283158 3 20.283158 20.283158 20.283158
25 1765365124 6.931210 1 6.931210 6.931210 6.931210
37 1765365124 4.611596 2 4.611596 4.611596 4.611596
20 1765365124 8.832510 2 8.832510 8.832510 8.832510
27 1765365129 0.699687 2 0.699687 0.699687 0.699687
29 1765365129 0.699901 2 0.699901 0.699901 0.699901
23 1765365129 7.037951 2 7.037951 7.037951 7.037951
39 1765365129 0.834824 2 0.834824 0.834824 0.834824
41 1765365129 0.834629 2 0.834629 0.834629 0.834629
35 1765365129 4.966099 2 4.966099 4.966099 4.966099
31 1765365129 20.344971 1 20.344971 20.344971 20.344971
33 1765365129 20.345127 1 20.345127 20.345127 20.345127
25 1765365129 7.037747 2 7.037747 7.037747 7.037747
37 1765365129 4.621201 2 4.621201 4.621201 4.621201
18 1765365134 12.291535 2 12.291535 12.291535 12.291535
39 1765365134 0.556902 2 0.556902 0.556902 0.556902
41 1765365134 0.556660 2 0.556660 0.556660 0.556660
35 1765365134 4.987021 2 4.987021 4.987021 4.987021
37 1765365134 4.637810 2 4.637810 4.637810 4.637810
20 1765365134 9.312945 2 9.312945 9.312945 9.312945
27 1765365139 0.680488 1 0.680488 0.680488 0.680488
18 1765365139 11.765286 1 11.765286 11.765286 11.765286
29 1765365139 0.680675 1 0.680675 0.680675 0.680675
31 1765365139 20.252056 1 20.252056 20.252056 20.252056
33 1765365139 20.252211 1 20.252211 20.252211 20.252211
20 1765365139 9.006148 1 9.006148 9.006148 9.006148
27 1765365144 0.674928 1 0.674928 0.674928 0.674928
18 1765365144 11.940359 2 11.940359 11.940359 11.940359
29 1765365144 0.675093 1 0.675093 0.675093 0.675093
23 1765365144 6.964838 2 6.964838 6.964838 6.964838
39 1765365144 0.545605 1 0.545605 0.545605 0.545605
41 1765365144 0.545340 1 0.545340 0.545340 0.545340
35 1765365144 4.959058 1 4.959058 4.959058 4.959058
31 1765365144 20.292854 1 20.292854 20.292854 20.292854
33 1765365144 20.293074 1 20.293074 20.293074 20.293074
25 1765365144 6.964633 2 6.964633 6.964633 6.964633
37 1765365144 4.576211 1 4.576211 4.576211 4.576211
20 1765365144 8.828591 2 8.828591 8.828591 8.828591
27 1765365149 0.718517 1 0.718517 0.718517 0.718517
18 1765365149 11.359766 1 11.359766 11.359766 11.359766
29 1765365149 0.718837 1 0.718837 0.718837 0.718837
23 1765365149 7.645071 3 7.645071 7.645071 7.645071
35 1765365149 4.925712 1 4.925712 4.925712 4.925712
31 1765365149 20.304628 2 20.304628 20.304628 20.304628
33 1765365149 20.304865 2 20.304865 20.304865 20.304865
25 1765365149 7.644824 3 7.644824 7.644824 7.644824
37 1765365149 4.595195 1 4.595195 4.595195 4.595195
20 1765365149 8.658661 1 8.658661 8.658661 8.658661
27 1765365154 0.701726 1 0.701726 0.701726 0.701726
18 1765365154 12.320950 1 12.320950 12.320950 12.320950
29 1765365154 0.701928 1 0.701928 0.701928 0.701928
23 1765365154 6.973042 1 6.973042 6.973042 6.973042
39 1765365154 0.521559 1 0.521559 0.521559 0.521559
41 1765365154 0.521339 1 0.521339 0.521339 0.521339
35 1765365154 6.544607 1 6.544607 6.544607 6.544607
25 1765365154 6.972818 1 6.972818 6.972818 6.972818
37 1765365154 6.159133 1 6.159133 6.159133 6.159133
20 1765365154 8.686116 1 8.686116 8.686116 8.686116
39 1765365159 0.545230 2 0.545230 0.545230 0.545230
41 1765365159 0.545036 2 0.545036 0.545036 0.545036
35 1765365159 4.974180 1 4.974180 4.974180 4.974180
37 1765365159 4.604901 1 4.604901 4.604901 4.604901
27 1765365164 0.907685 2 0.907685 0.907685 0.907685
18 1765365164 11.522861 1 11.522861 11.522861 11.522861
29 1765365164 0.907882 2 0.907882 0.907882 0.907882
23 1765365164 6.941063 1 6.941063 6.941063 6.941063
31 1765365164 20.286223 2 20.286223 20.286223 20.286223
33 1765365164 20.286439 2 20.286439 20.286439 20.286439
25 1765365164 6.940781 1 6.940781 6.940781 6.940781
20 1765365164 8.686110 1 8.686110 8.686110 8.686110
18 1765365169 11.762629 1 11.762629 11.762629 11.762629
23 1765365169 7.002279 1 7.002279 7.002279 7.002279
39 1765365169 0.689005 2 0.689005 0.689005 0.689005
41 1765365169 0.688827 2 0.688827 0.688827 0.688827
35 1765365169 5.295095 2 5.295095 5.295095 5.295095
31 1765365169 20.268373 1 20.268373 20.268373 20.268373
33 1765365169 20.268658 1 20.268658 20.268658 20.268658
25 1765365169 7.001982 1 7.001982 7.001982 7.001982
37 1765365169 4.770919 2 4.770919 4.770919 4.770919
20 1765365169 8.704053 1 8.704053 8.704053 8.704053
27 1765365174 0.863191 4 0.863191 0.863191 0.863191
29 1765365174 0.863419 4 0.863419 0.863419 0.863419
31 1765365174 21.487004 3 21.487004 21.487004 21.487004
33 1765365174 21.487236 3 21.487236 21.487236 21.487236
23 1765365179 7.082967 1 7.082967 7.082967 7.082967
39 1765365179 0.539288 4 0.539288 0.539288 0.539288
41 1765365179 0.539056 4 0.539056 0.539056 0.539056
35 1765365179 5.116971 4 5.116971 5.116971 5.116971
25 1765365179 7.082813 1 7.082813 7.082813 7.082813
37 1765365179 4.692799 4 4.692799 4.692799 4.692799
27 1765365184 0.688847 1 0.688847 0.688847 0.688847
18 1765365184 12.343362 2 12.343362 12.343362 12.343362
29 1765365184 0.689086 1 0.689086 0.689086 0.689086
31 1765365184 20.251176 1 20.251176 20.251176 20.251176
33 1765365184 20.251449 1 20.251449 20.251449 20.251449
20 1765365184 8.824723 2 8.824723 8.824723 8.824723
27 1765365189 0.683310 1 0.683310 0.683310 0.683310
18 1765365189 11.397488 2 11.397488 11.397488 11.397488
29 1765365189 0.683559 1 0.683559 0.683559 0.683559
23 1765365189 6.915874 2 6.915874 6.915874 6.915874
39 1765365189 0.530866 1 0.530866 0.530866 0.530866
41 1765365189 0.530637 1 0.530637 0.530637 0.530637
35 1765365189 4.936515 1 4.936515 4.936515 4.936515
31 1765365189 20.268062 1 20.268062 20.268062 20.268062
33 1765365189 20.268270 1 20.268270 20.268270 20.268270
25 1765365189 6.915643 2 6.915643 6.915643 6.915643
37 1765365189 4.594719 1 4.594719 4.594719 4.594719
20 1765365189 8.687129 2 8.687129 8.687129 8.687129
18 1765365194 11.371571 2 11.371571 11.371571 11.371571
23 1765365194 6.968835 2 6.968835 6.968835 6.968835
35 1765365194 4.972458 1 4.972458 4.972458 4.972458
25 1765365194 6.968556 2 6.968556 6.968556 6.968556
37 1765365194 4.635375 1 4.635375 4.635375 4.635375
20 1765365194 8.686201 2 8.686201 8.686201 8.686201
27 1765365199 0.737713 1 0.737713 0.737713 0.737713
18 1765365199 11.193449 1 11.193449 11.193449 11.193449
29 1765365199 0.737895 1 0.737895 0.737895 0.737895
23 1765365199 7.294376 1 7.294376 7.294376 7.294376
39 1765365199 0.527584 1 0.527584 0.527584 0.527584
41 1765365199 0.527327 1 0.527327 0.527327 0.527327
31 1765365199 20.277402 1 20.277402 20.277402 20.277402
33 1765365199 20.277667 1 20.277667 20.277667 20.277667
25 1765365199 7.294113 1 7.294113 7.294113 7.294113
20 1765365199 8.694287 1 8.694287 8.694287 8.694287
23 1765365204 10.960930 1 10.960930 10.960930 10.960930
39 1765365204 0.550137 1 0.550137 0.550137 0.550137
41 1765365204 0.549960 1 0.549960 0.549960 0.549960
35 1765365204 4.959705 1 4.959705 4.959705 4.959705
25 1765365204 10.960694 1 10.960694 10.960694 10.960694
37 1765365204 4.609408 1 4.609408 4.609408 4.609408
27 1765365209 0.689904 2 0.689904 0.689904 0.689904
18 1765365209 11.339886 1 11.339886 11.339886 11.339886
29 1765365209 0.690162 2 0.690162 0.690162 0.690162
23 1765365209 6.947633 1 6.947633 6.947633 6.947633
31 1765365209 20.417097 2 20.417097 20.417097 20.417097
33 1765365209 20.417343 2 20.417343 20.417343 20.417343
25 1765365209 6.947385 1 6.947385 6.947385 6.947385
20 1765365209 8.965305 1 8.965305 8.965305 8.965305
18 1765365214 11.592622 1 11.592622 11.592622 11.592622
23 1765365214 6.978990 1 6.978990 6.978990 6.978990
39 1765365214 0.746018 2 0.746018 0.746018 0.746018
41 1765365214 0.745807 2 0.745807 0.745807 0.745807
35 1765365214 4.995760 2 4.995760 4.995760 4.995760
25 1765365214 6.978808 1 6.978808 6.978808 6.978808
37 1765365214 4.640385 2 4.640385 4.640385 4.640385
20 1765365214 8.707363 1 8.707363 8.707363 8.707363
27 1765365219 0.741884 3 0.741884 0.741884 0.741884
29 1765365219 0.742131 3 0.742131 0.742131 0.742131
31 1765365219 20.259726 3 20.259726 20.259726 20.259726
33 1765365219 20.259984 3 20.259984 20.259984 20.259984
27 1765365224 0.664269 1 0.664269 0.664269 0.664269
29 1765365224 0.664459 1 0.664459 0.664459 0.664459
23 1765365224 6.989427 1 6.989427 6.989427 6.989427
39 1765365224 0.575321 3 0.575321 0.575321 0.575321
41 1765365224 0.575099 3 0.575099 0.575099 0.575099
35 1765365224 4.945342 3 4.945342 4.945342 4.945342
31 1765365224 20.253044 1 20.253044 20.253044 20.253044
33 1765365224 20.253209 1 20.253209 20.253209 20.253209
25 1765365224 6.989179 1 6.989179 6.989179 6.989179
37 1765365224 4.601070 3 4.601070 4.601070 4.601070
27 1765365229 0.729852 1 0.729852 0.729852 0.729852
18 1765365229 11.500901 2 11.500901 11.500901 11.500901
29 1765365229 0.730101 1 0.730101 0.730101 0.730101
39 1765365229 0.512179 1 0.512179 0.512179 0.512179
41 1765365229 0.511985 1 0.511985 0.511985 0.511985
35 1765365229 4.949136 1 4.949136 4.949136 4.949136
31 1765365229 20.329990 1 20.329990 20.329990 20.329990
33 1765365229 20.330227 1 20.330227 20.330227 20.330227
37 1765365229 4.604319 1 4.604319 4.604319 4.604319
20 1765365229 8.706041 2 8.706041 8.706041 8.706041
27 1765365234 0.712247 1 0.712247 0.712247 0.712247
18 1765365234 11.498935 2 11.498935 11.498935 11.498935
29 1765365234 0.712404 1 0.712404 0.712404 0.712404
23 1765365234 6.982931 2 6.982931 6.982931 6.982931
39 1765365234 0.552488 1 0.552488 0.552488 0.552488
41 1765365234 0.552218 1 0.552218 0.552218 0.552218
35 1765365234 4.971669 1 4.971669 4.971669 4.971669
31 1765365234 20.267127 1 20.267127 20.267127 20.267127
33 1765365234 20.267359 1 20.267359 20.267359 20.267359
25 1765365234 6.982698 2 6.982698 6.982698 6.982698
37 1765365234 4.623650 1 4.623650 4.623650 4.623650
20 1765365234 8.671255 2 8.671255 8.671255 8.671255
18 1765365239 11.635780 1 11.635780 11.635780 11.635780
23 1765365239 6.960024 2 6.960024 6.960024 6.960024
35 1765365239 4.996124 1 4.996124 4.996124 4.996124
25 1765365239 6.959803 2 6.959803 6.959803 6.959803
37 1765365239 4.641330 1 4.641330 4.641330 4.641330
20 1765365239 8.709689 1 8.709689 8.709689 8.709689
27 1765365244 0.704212 1 0.704212 0.704212 0.704212
18 1765365244 14.548831 2 14.548831 14.548831 14.548831
29 1765365244 0.704396 1 0.704396 0.704396 0.704396
39 1765365244 0.512094 1 0.512094 0.512094 0.512094
41 1765365244 0.511944 1 0.511944 0.511944 0.511944
31 1765365244 20.308506 1 20.308506 20.308506 20.308506
33 1765365244 20.308706 1 20.308706 20.308706 20.308706
20 1765365244 11.224434 2 11.224434 11.224434 11.224434
23 1765365249 7.000834 1 7.000834 7.000834 7.000834
39 1765365249 0.596403 1 0.596403 0.596403 0.596403
41 1765365249 0.596119 1 0.596119 0.596119 0.596119
35 1765365249 5.024174 1 5.024174 5.024174 5.024174
25 1765365249 7.000637 1 7.000637 7.000637 7.000637
37 1765365249 4.625892 1 4.625892 4.625892 4.625892
27 1765365254 0.716063 2 0.716063 0.716063 0.716063
18 1765365254 11.393864 1 11.393864 11.393864 11.393864
29 1765365254 0.716272 2 0.716272 0.716272 0.716272
23 1765365254 9.588651 1 9.588651 9.588651 9.588651
31 1765365254 20.269040 2 20.269040 20.269040 20.269040
33 1765365254 20.269259 2 20.269259 20.269259 20.269259
25 1765365254 9.588425 1 9.588425 9.588425 9.588425
20 1765365254 8.700139 1 8.700139 8.700139 8.700139
18 1765365259 11.551163 1 11.551163 11.551163 11.551163
23 1765365259 6.931992 1 6.931992 6.931992 6.931992
39 1765365259 0.560223 2 0.560223 0.560223 0.560223
41 1765365259 0.560042 2 0.560042 0.560042 0.560042
35 1765365259 5.063236 2 5.063236 5.063236 5.063236
31 1765365259 20.311921 1 20.311921 20.311921 20.311921
33 1765365259 20.312150 1 20.312150 20.312150 20.312150
25 1765365259 6.931766 1 6.931766 6.931766 6.931766
37 1765365259 4.725788 2 4.725788 4.725788 4.725788
20 1765365259 8.690804 1 8.690804 8.690804 8.690804
27 1765365264 0.810883 2 0.810883 0.810883 0.810883
29 1765365264 0.811136 2 0.811136 0.811136 0.811136
31 1765365264 20.300823 1 20.300823 20.300823 20.300823
33 1765365264 20.301129 1 20.301129 20.301129 20.301129
27 1765365269 0.703452 1 0.703452 0.703452 0.703452
29 1765365269 0.703643 1 0.703643 0.703643 0.703643
23 1765365269 6.937779 1 6.937779 6.937779 6.937779
39 1765365269 0.541493 2 0.541493 0.541493 0.541493
41 1765365269 0.540344 2 0.540344 0.540344 0.540344
35 1765365269 5.101234 2 5.101234 5.101234 5.101234
31 1765365269 20.374387 1 20.374387 20.374387 20.374387
33 1765365269 20.374542 1 20.374542 20.374542 20.374542
25 1765365269 6.937513 1 6.937513 6.937513 6.937513
37 1765365269 4.760919 2 4.760919 4.760919 4.760919
18 1765365274 13.390009 2 13.390009 13.390009 13.390009
39 1765365274 0.538978 1 0.538978 0.538978 0.538978
41 1765365274 0.538876 1 0.538876 0.538876 0.538876
35 1765365274 5.047688 1 5.047688 5.047688 5.047688
31 1765365274 20.258995 1 20.258995 20.258995 20.258995
33 1765365274 20.259256 1 20.259256 20.259256 20.259256
37 1765365274 4.626124 1 4.626124 4.626124 4.626124
20 1765365274 8.921348 2 8.921348 8.921348 8.921348
27 1765365279 0.682723 2 0.682723 0.682723 0.682723
18 1765365279 11.396479 3 11.396479 11.396479 11.396479
29 1765365279 0.682914 2 0.682914 0.682914 0.682914
23 1765365279 6.949272 1 6.949272 6.949272 6.949272
31 1765365279 20.250670 1 20.250670 20.250670 20.250670
33 1765365279 20.250832 1 20.250832 20.250832 20.250832
25 1765365279 6.949064 1 6.949064 6.949064 6.949064
20 1765365279 8.680050 3 8.680050 8.680050 8.680050
23 1765365284 6.962445 1 6.962445 6.962445 6.962445
39 1765365284 0.587509 2 0.587509 0.587509 0.587509
41 1765365284 0.587349 2 0.587349 0.587349 0.587349
35 1765365284 4.983264 2 4.983264 4.983264 4.983264
25 1765365284 6.962307 1 6.962307 6.962307 6.962307
37 1765365284 4.611012 2 4.611012 4.611012 4.611012
27 1765365289 0.761058 1 0.761058 0.761058 0.761058
18 1765365289 11.213079 1 11.213079 11.213079 11.213079
29 1765365289 0.761280 1 0.761280 0.761280 0.761280
23 1765365289 7.073999 3 7.073999 7.073999 7.073999
31 1765365289 20.247429 1 20.247429 20.247429 20.247429
33 1765365289 20.247764 1 20.247764 20.247764 20.247764
25 1765365289 7.073751 3 7.073751 7.073751 7.073751
20 1765365289 8.709662 1 8.709662 8.709662 8.709662
18 1765365294 12.827927 1 12.827927 12.827927 12.827927
23 1765365294 6.987382 1 6.987382 6.987382 6.987382
39 1765365294 0.548810 1 0.548810 0.548810 0.548810
41 1765365294 0.548579 1 0.548579 0.548579 0.548579
35 1765365294 4.965267 1 4.965267 4.965267 4.965267
25 1765365294 6.987163 1 6.987163 6.987163 6.987163
37 1765365294 4.611856 1 4.611856 4.611856 4.611856
20 1765365294 8.689471 1 8.689471 8.689471 8.689471
27 1765365299 0.721858 1 0.721858 0.721858 0.721858
18 1765365299 11.576356 1 11.576356 11.576356 11.576356
29 1765365299 0.722093 1 0.722093 0.722093 0.722093
31 1765365299 20.285209 1 20.285209 20.285209 20.285209
33 1765365299 20.285421 1 20.285421 20.285421 20.285421
20 1765365299 8.697748 1 8.697748 8.697748 8.697748
27 1765365304 0.698068 1 0.698068 0.698068 0.698068
18 1765365304 12.695685 1 12.695685 12.695685 12.695685
29 1765365304 0.698369 1 0.698369 0.698369 0.698369
23 1765365304 6.964423 2 6.964423 6.964423 6.964423
39 1765365304 0.571945 1 0.571945 0.571945 0.571945
41 1765365304 0.571750 1 0.571750 0.571750 0.571750
35 1765365304 4.976976 1 4.976976 4.976976 4.976976
31 1765365304 20.287560 1 20.287560 20.287560 20.287560
33 1765365304 20.287765 1 20.287765 20.287765 20.287765
25 1765365304 6.964236 2 6.964236 6.964236 6.964236
37 1765365304 4.616099 1 4.616099 4.616099 4.616099
20 1765365304 8.964781 1 8.964781 8.964781 8.964781
27 1765365309 0.713094 2 0.713094 0.713094 0.713094
29 1765365309 0.713331 2 0.713331 0.713331 0.713331
39 1765365309 0.581016 1 0.581016 0.581016 0.581016
41 1765365309 0.580773 1 0.580773 0.580773 0.580773
35 1765365309 5.008722 1 5.008722 5.008722 5.008722
31 1765365309 20.254553 3 20.254553 20.254553 20.254553
33 1765365309 20.254787 3 20.254787 20.254787 20.254787
37 1765365309 4.629001 1 4.629001 4.629001 4.629001
23 1765365314 7.275474 1 7.275474 7.275474 7.275474
39 1765365314 0.577729 2 0.577729 0.577729 0.577729
41 1765365314 0.577492 2 0.577492 0.577492 0.577492
35 1765365314 4.978903 2 4.978903 4.978903 4.978903
31 1765365314 20.359470 1 20.359470 20.359470 20.359470
33 1765365314 20.359726 1 20.359726 20.359726 20.359726
25 1765365314 7.275265 1 7.275265 7.275265 7.275265
37 1765365314 4.616006 2 4.616006 4.616006 4.616006
27 1765365319 1.142768 1 1.142768 1.142768 1.142768
18 1765365319 12.357783 2 12.357783 12.357783 12.357783
29 1765365319 1.143001 1 1.143001 1.143001 1.143001
20 1765365319 9.092973 2 9.092973 9.092973 9.092973
27 1765365324 0.692538 2 0.692538 0.692538 0.692538
18 1765365324 12.055687 1 12.055687 12.055687 12.055687
29 1765365324 0.692754 2 0.692754 0.692754 0.692754
39 1765365324 0.519415 1 0.519415 0.519415 0.519415
41 1765365324 0.519244 1 0.519244 0.519244 0.519244
35 1765365324 5.012061 1 5.012061 5.012061 5.012061
31 1765365324 20.267672 2 20.267672 20.267672 20.267672
33 1765365324 20.267862 2 20.267862 20.267862 20.267862
37 1765365324 4.660269 1 4.660269 4.660269 4.660269
20 1765365324 9.013151 1 9.013151 9.013151 9.013151
27 1765365329 21.296688 1 21.296688 21.296688 21.296688
18 1765365329 14.180285 1 14.180285 14.180285 14.180285
29 1765365329 21.296934 1 21.296934 21.296934 21.296934
23 1765365329 7.306047 2 7.306047 7.306047 7.306047
39 1765365329 0.591284 1 0.591284 0.591284 0.591284
41 1765365329 0.591150 1 0.591150 0.591150 0.591150
35 1765365329 4.979894 2 4.979894 4.979894 4.979894
25 1765365329 7.305838 2 7.305838 7.305838 7.305838
37 1765365329 4.628224 2 4.628224 4.628224 4.628224
20 1765365329 8.679483 1 8.679483 8.679483 8.679483
27 1765365334 0.690680 1 0.690680 0.690680 0.690680
18 1765365334 12.474578 1 12.474578 12.474578 12.474578
29 1765365334 0.690883 1 0.690883 0.690883 0.690883
23 1765365334 7.139567 2 7.139567 7.139567 7.139567
39 1765365334 0.566020 2 0.566020 0.566020 0.566020
41 1765365334 0.565814 2 0.565814 0.565814 0.565814
35 1765365334 4.986136 1 4.986136 4.986136 4.986136
31 1765365334 20.253320 1 20.253320 20.253320 20.253320
33 1765365334 20.253505 1 20.253505 20.253505 20.253505
25 1765365334 7.139376 2 7.139376 7.139376 7.139376
37 1765365334 4.607709 1 4.607709 4.607709 4.607709
20 1765365334 9.180666 1 9.180666 9.180666 9.180666
18 1765365339 11.891724 1 11.891724 11.891724 11.891724
39 1765365339 0.519143 1 0.519143 0.519143 0.519143
41 1765365339 0.518959 1 0.518959 0.518959 0.518959
35 1765365339 6.543110 1 6.543110 6.543110 6.543110
37 1765365339 6.189698 1 6.189698 6.189698 6.189698
20 1765365339 8.681344 1 8.681344 8.681344 8.681344
23 1765365344 7.145799 1 7.145799 7.145799 7.145799
25 1765365344 7.145599 1 7.145599 7.145599 7.145599
27 1765365349 0.725429 2 0.725429 0.725429 0.725429
29 1765365349 0.725614 2 0.725614 0.725614 0.725614
23 1765365349 6.897317 1 6.897317 6.897317 6.897317
31 1765365349 20.271380 2 20.271380 20.271380 20.271380
33 1765365349 20.271605 2 20.271605 20.271605 20.271605
25 1765365349 6.897046 1 6.897046 6.897046 6.897046
27 1765365354 1.015555 2 1.015555 1.015555 1.015555
18 1765365354 13.753891 1 13.753891 13.753891 13.753891
29 1765365354 1.015797 2 1.015797 1.015797 1.015797
39 1765365354 0.713727 2 0.713727 0.713727 0.713727
41 1765365354 0.713483 2 0.713483 0.713483 0.713483
35 1765365354 5.372167 2 5.372167 5.372167 5.372167
31 1765365354 20.286154 2 20.286154 20.286154 20.286154
33 1765365354 20.286394 2 20.286394 20.286394 20.286394
37 1765365354 4.733312 2 4.733312 4.733312 4.733312
20 1765365354 8.799110 1 8.799110 8.799110 8.799110
39 1765365359 0.559178 1 0.559178 0.559178 0.559178
41 1765365359 0.558955 1 0.558955 0.558955 0.558955
35 1765365359 4.987437 2 4.987437 4.987437 4.987437
37 1765365359 4.640224 2 4.640224 4.640224 4.640224
27 1765365364 0.709087 1 0.709087 0.709087 0.709087
18 1765365364 11.848658 1 11.848658 11.848658 11.848658
29 1765365364 0.709245 1 0.709245 0.709245 0.709245
23 1765365364 6.960081 1 6.960081 6.960081 6.960081
39 1765365364 0.539967 1 0.539967 0.539967 0.539967
41 1765365364 0.539660 1 0.539660 0.539660 0.539660
31 1765365364 20.264957 1 20.264957 20.264957 20.264957
33 1765365364 20.265202 1 20.265202 20.265202 20.265202
25 1765365364 6.959716 1 6.959716 6.959716 6.959716
20 1765365364 8.649629 1 8.649629 8.649629 8.649629
27 1765365369 0.690604 1 0.690604 0.690604 0.690604
18 1765365369 11.620791 2 11.620791 11.620791 11.620791
29 1765365369 0.690787 1 0.690787 0.690787 0.690787
39 1765365369 0.548587 1 0.548587 0.548587 0.548587
41 1765365369 0.548426 1 0.548426 0.548426 0.548426
35 1765365369 5.408862 1 5.408862 5.408862 5.408862
31 1765365369 20.252943 1 20.252943 20.252943 20.252943
33 1765365369 20.253097 1 20.253097 20.253097 20.253097
37 1765365369 4.832473 1 4.832473 4.832473 4.832473
20 1765365369 8.673652 2 8.673652 8.673652 8.673652
18 1765365374 11.773382 1 11.773382 11.773382 11.773382
23 1765365374 6.930167 2 6.930167 6.930167 6.930167
39 1765365374 0.569271 1 0.569271 0.569271 0.569271
41 1765365374 0.569043 1 0.569043 0.569043 0.569043
35 1765365374 4.952663 1 4.952663 4.952663 4.952663
25 1765365374 6.929962 2 6.929962 6.929962 6.929962
37 1765365374 4.593217 1 4.593217 4.593217 4.593217
20 1765365374 8.702817 1 8.702817 8.702817 8.702817
18 1765365379 29.069686 2 29.069686 29.069686 29.069686
23 1765365379 6.954383 2 6.954383 6.954383 6.954383
25 1765365379 6.954186 2 6.954186 6.954186 6.954186
20 1765365379 8.686368 2 8.686368 8.686368 8.686368
27 1765365384 0.706216 1 0.706216 0.706216 0.706216
18 1765365384 11.837227 1 11.837227 11.837227 11.837227
29 1765365384 0.706536 1 0.706536 0.706536 0.706536
31 1765365384 20.274218 1 20.274218 20.274218 20.274218
33 1765365384 20.274561 1 20.274561 20.274561 20.274561
20 1765365384 8.692643 1 8.692643 8.692643 8.692643
23 1765365389 6.988321 2 6.988321 6.988321 6.988321
39 1765365389 0.555327 1 0.555327 0.555327 0.555327
41 1765365389 0.555036 1 0.555036 0.555036 0.555036
35 1765365389 5.002791 1 5.002791 5.002791 5.002791
25 1765365389 6.988024 2 6.988024 6.988024 6.988024
37 1765365389 4.629302 1 4.629302 4.629302 4.629302
27 1765365394 0.686389 2 0.686389 0.686389 0.686389
29 1765365394 0.686584 2 0.686584 0.686584 0.686584
23 1765365394 6.982979 1 6.982979 6.982979 6.982979
31 1765365394 20.250350 2 20.250350 20.250350 20.250350
33 1765365394 20.250563 2 20.250563 20.250563 20.250563
25 1765365394 6.982740 1 6.982740 6.982740 6.982740
52 1765365399 0.000025 1 0.000025 0.000025 0.000025
27 1765365399 0.792679 1 0.792679 0.792679 0.792679
18 1765365399 11.654132 1 11.654132 11.654132 11.654132
29 1765365399 0.792883 1 0.792883 0.792883 0.792883
39 1765365399 0.545293 2 0.545293 0.545293 0.545293
41 1765365399 0.545076 2 0.545076 0.545076 0.545076
35 1765365399 4.937872 2 4.937872 4.937872 4.937872
31 1765365399 20.293747 2 20.293747 20.293747 20.293747
33 1765365399 20.293929 2 20.293929 20.293929 20.293929
37 1765365399 4.603800 2 4.603800 4.603800 4.603800
20 1765365399 8.677655 1 8.677655 8.677655 8.677655
27 1765365404 0.722786 1 0.722786 0.722786 0.722786
18 1765365404 11.097327 1 11.097327 11.097327 11.097327
29 1765365404 0.723094 1 0.723094 0.723094 0.723094
39 1765365404 0.582192 1 0.582192 0.582192 0.582192
41 1765365404 0.581908 1 0.581908 0.581908 0.581908
35 1765365404 4.993517 1 4.993517 4.993517 4.993517
37 1765365404 4.633833 1 4.633833 4.633833 4.633833
20 1765365404 8.658268 1 8.658268 8.658268 8.658268
27 1765365409 0.710912 2 0.710912 0.710912 0.710912
29 1765365409 0.711092 2 0.711092 0.711092 0.711092
23 1765365409 6.953158 1 6.953158 6.953158 6.953158
39 1765365409 0.521975 1 0.521975 0.521975 0.521975
41 1765365409 0.521823 1 0.521823 0.521823 0.521823
35 1765365409 5.041103 1 5.041103 5.041103 5.041103
31 1765365409 20.268036 2 20.268036 20.268036 20.268036
33 1765365409 20.268240 2 20.268240 20.268240 20.268240
25 1765365409 6.953030 1 6.953030 6.953030 6.953030
37 1765365409 4.690404 1 4.690404 4.690404 4.690404
27 1765365414 0.723280 1 0.723280 0.723280 0.723280
18 1765365414 13.375302 2 13.375302 13.375302 13.375302
29 1765365414 0.723527 1 0.723527 0.723527 0.723527
23 1765365414 6.920210 1 6.920210 6.920210 6.920210
39 1765365414 0.529662 2 0.529662 0.529662 0.529662
41 1765365414 0.529500 2 0.529500 0.529500 0.529500
35 1765365414 4.966815 2 4.966815 4.966815 4.966815
31 1765365414 20.279869 1 20.279869 20.279869 20.279869
33 1765365414 20.280113 1 20.280113 20.280113 20.280113
25 1765365414 6.919954 1 6.919954 6.919954 6.919954
37 1765365414 4.616616 2 4.616616 4.616616 4.616616
20 1765365414 8.683380 2 8.683380 8.683380 8.683380
18 1765365419 11.406831 1 11.406831 11.406831 11.406831
23 1765365419 6.931771 1 6.931771 6.931771 6.931771
39 1765365419 0.576091 1 0.576091 0.576091 0.576091
41 1765365419 0.575843 1 0.575843 0.575843 0.575843
35 1765365419 4.987268 1 4.987268 4.987268 4.987268
25 1765365419 6.931612 1 6.931612 6.931612 6.931612
37 1765365419 4.626693 1 4.626693 4.626693 4.626693
20 1765365419 8.725860 1 8.725860 8.725860 8.725860
18 1765365424 11.736644 2 11.736644 11.736644 11.736644
23 1765365424 7.009564 2 7.009564 7.009564 7.009564
25 1765365424 7.009300 2 7.009300 7.009300 7.009300
20 1765365424 8.752680 2 8.752680 8.752680 8.752680
27 1765365429 0.711063 1 0.711063 0.711063 0.711063
18 1765365429 11.357121 1 11.357121 11.357121 11.357121
29 1765365429 0.711265 1 0.711265 0.711265 0.711265
31 1765365429 20.388323 1 20.388323 20.388323 20.388323
33 1765365429 20.388458 1 20.388458 20.388458 20.388458
20 1765365429 8.740784 1 8.740784 8.740784 8.740784
27 1765365434 0.733462 1 0.733462 0.733462 0.733462
29 1765365434 0.733751 1 0.733751 0.733751 0.733751
23 1765365434 7.188322 2 7.188322 7.188322 7.188322
39 1765365434 0.574120 1 0.574120 0.574120 0.574120
41 1765365434 0.573909 1 0.573909 0.573909 0.573909
35 1765365434 5.049167 1 5.049167 5.049167 5.049167
31 1765365434 20.435066 1 20.435066 20.435066 20.435066
33 1765365434 20.435256 1 20.435256 20.435256 20.435256
25 1765365434 7.188096 2 7.188096 7.188096 7.188096
37 1765365434 4.690998 1 4.690998 4.690998 4.690998
23 1765365439 7.555916 1 7.555916 7.555916 7.555916
39 1765365439 0.524768 1 0.524768 0.524768 0.524768
41 1765365439 0.524610 1 0.524610 0.524610 0.524610
35 1765365439 5.034681 1 5.034681 5.034681 5.034681
31 1765365439 20.361068 1 20.361068 20.361068 20.361068
33 1765365439 20.361232 1 20.361232 20.361232 20.361232
25 1765365439 7.555658 1 7.555658 7.555658 7.555658
37 1765365439 4.622826 1 4.622826 4.622826 4.622826
27 1765365444 0.703616 2 0.703616 0.703616 0.703616
18 1765365444 11.198305 1 11.198305 11.198305 11.198305
29 1765365444 0.703825 2 0.703825 0.703825 0.703825
31 1765365444 20.290459 2 20.290459 20.290459 20.290459
33 1765365444 20.290679 2 20.290679 20.290679 20.290679
20 1765365444 8.675609 1 8.675609 8.675609 8.675609
52 1765365449 0.000018 1 0.000018 0.000018 0.000018
27 1765365449 0.707002 1 0.707002 0.707002 0.707002
29 1765365449 0.707262 1 0.707262 0.707262 0.707262
39 1765365449 0.599941 2 0.599941 0.599941 0.599941
41 1765365449 0.599751 2 0.599751 0.599751 0.599751
35 1765365449 5.051785 2 5.051785 5.051785 5.051785
37 1765365449 4.672160 2 4.672160 4.672160 4.672160
27 1765365454 0.752582 2 0.752582 0.752582 0.752582
18 1765365454 13.991591 1 13.991591 13.991591 13.991591
29 1765365454 0.752850 2 0.752850 0.752850 0.752850
23 1765365454 7.117014 1 7.117014 7.117014 7.117014
39 1765365454 0.622169 1 0.622169 0.622169 0.622169
41 1765365454 0.621887 1 0.621887 0.621887 0.621887
35 1765365454 5.105786 1 5.105786 5.105786 5.105786
31 1765365454 20.398752 2 20.398752 20.398752 20.398752
33 1765365454 20.399040 2 20.399040 20.399040 20.399040
25 1765365454 7.116773 1 7.116773 7.116773 7.116773
37 1765365454 4.702341 1 4.702341 4.702341 4.702341
20 1765365454 8.803568 1 8.803568 8.803568 8.803568
27 1765365459 1.916105 1 1.916105 1.916105 1.916105
18 1765365459 11.098735 1 11.098735 11.098735 11.098735
29 1765365459 1.916211 1 1.916211 1.916211 1.916211
23 1765365459 7.226911 1 7.226911 7.226911 7.226911
39 1765365459 0.571565 2 0.571565 0.571565 0.571565
41 1765365459 0.571345 2 0.571345 0.571345 0.571345
35 1765365459 5.074961 2 5.074961 5.074961 5.074961
31 1765365459 20.251693 1 20.251693 20.251693 20.251693
33 1765365459 20.251871 1 20.251871 20.251871 20.251871
25 1765365459 7.226691 1 7.226691 7.226691 7.226691
37 1765365459 4.690303 2 4.690303 4.690303 4.690303
20 1765365459 8.668964 1 8.668964 8.668964 8.668964
18 1765365464 12.009000 1 12.009000 12.009000 12.009000
23 1765365464 7.062956 1 7.062956 7.062956 7.062956
35 1765365464 5.090149 1 5.090149 5.090149 5.090149
25 1765365464 7.062686 1 7.062686 7.062686 7.062686
37 1765365464 4.623958 1 4.623958 4.623958 4.623958
20 1765365464 8.672380 1 8.672380 8.672380 8.672380
52 1765365469 0.000014 1 0.000014 0.000014 0.000014
18 1765365469 11.621022 2 11.621022 11.621022 11.621022
23 1765365469 6.979952 1 6.979952 6.979952 6.979952
39 1765365469 4.147019 1 4.147019 4.147019 4.147019
41 1765365469 4.146814 1 4.146814 4.146814 4.146814
25 1765365469 6.979752 1 6.979752 6.979752 6.979752
20 1765365469 8.703299 2 8.703299 8.703299 8.703299
27 1765365474 0.712418 1 0.712418 0.712418 0.712418
29 1765365474 0.712599 1 0.712599 0.712599 0.712599
31 1765365474 20.271166 1 20.271166 20.271166 20.271166
33 1765365474 20.271332 1 20.271332 20.271332 20.271332
18 1765365479 11.423186 1 11.423186 11.423186 11.423186
23 1765365479 6.944976 2 6.944976 6.944976 6.944976
39 1765365479 0.555765 1 0.555765 0.555765 0.555765
41 1765365479 0.555548 1 0.555548 0.555548 0.555548
35 1765365479 4.961219 1 4.961219 4.961219 4.961219
25 1765365479 6.944846 2 6.944846 6.944846 6.944846
37 1765365479 4.621347 1 4.621347 4.621347 4.621347
20 1765365479 8.732660 1 8.732660 8.732660 8.732660
31 1765365484 20.895633 2 20.895633 20.895633 20.895633
33 1765365484 20.895880 2 20.895880 20.895880 20.895880
27 1765365489 3.117092 2 3.117092 3.117092 3.117092
18 1765365489 11.490438 1 11.490438 11.490438 11.490438
29 1765365489 3.117405 2 3.117405 3.117405 3.117405
23 1765365489 6.950881 1 6.950881 6.950881 6.950881
25 1765365489 6.950673 1 6.950673 6.950673 6.950673
20 1765365489 8.733413 1 8.733413 8.733413 8.733413
27 1765365494 0.676340 1 0.676340 0.676340 0.676340
29 1765365494 0.676947 1 0.676947 0.676947 0.676947
39 1765365494 1.278440 2 1.278440 1.278440 1.278440
41 1765365494 1.278199 2 1.278199 1.278199 1.278199
35 1765365494 5.328708 2 5.328708 5.328708 5.328708
31 1765365494 20.248039 1 20.248039 20.248039 20.248039
33 1765365494 20.248274 1 20.248274 20.248274 20.248274
37 1765365494 4.792791 2 4.792791 4.792791 4.792791
27 1765365499 0.716216 2 0.716216 0.716216 0.716216
29 1765365499 0.716452 2 0.716452 0.716452 0.716452
23 1765365499 6.938223 1 6.938223 6.938223 6.938223
39 1765365499 0.563252 1 0.563252 0.563252 0.563252
41 1765365499 0.562891 1 0.562891 0.562891 0.562891
35 1765365499 4.958318 1 4.958318 4.958318 4.958318
31 1765365499 20.269374 2 20.269374 20.269374 20.269374
33 1765365499 20.269581 2 20.269581 20.269581 20.269581
25 1765365499 6.937939 1 6.937939 6.937939 6.937939
37 1765365499 4.615984 1 4.615984 4.615984 4.615984
52 1765365504 0.000011 1 0.000011 0.000011 0.000011
18 1765365504 11.123338 1 11.123338 11.123338 11.123338
39 1765365504 0.545734 2 0.545734 0.545734 0.545734
41 1765365504 0.545594 2 0.545594 0.545594 0.545594
35 1765365504 5.004897 2 5.004897 5.004897 5.004897
37 1765365504 4.654117 2 4.654117 4.654117 4.654117
20 1765365504 8.695819 1 8.695819 8.695819 8.695819
27 1765365509 0.693886 1 0.693886 0.693886 0.693886
18 1765365509 11.778619 2 11.778619 11.778619 11.778619
29 1765365509 0.694132 1 0.694132 0.694132 0.694132
23 1765365509 6.955006 1 6.955006 6.955006 6.955006
31 1765365509 20.268011 1 20.268011 20.268011 20.268011
33 1765365509 20.268224 1 20.268224 20.268224 20.268224
25 1765365509 6.954767 1 6.954767 6.954767 6.954767
20 1765365509 8.885673 2 8.885673 8.885673 8.885673
23 1765365514 7.453084 1 7.453084 7.453084 7.453084
39 1765365514 0.538374 1 0.538374 0.538374 0.538374
41 1765365514 0.538213 1 0.538213 0.538213 0.538213
35 1765365514 4.956418 1 4.956418 4.956418 4.956418
25 1765365514 7.452814 1 7.452814 7.452814 7.452814
37 1765365514 4.613493 1 4.613493 4.613493 4.613493
27 1765365519 0.699628 1 0.699628 0.699628 0.699628
18 1765365519 12.136720 1 12.136720 12.136720 12.136720
29 1765365519 0.699877 1 0.699877 0.699877 0.699877
23 1765365519 7.269275 1 7.269275 7.269275 7.269275
31 1765365519 20.276730 1 20.276730 20.276730 20.276730
33 1765365519 20.276989 1 20.276989 20.276989 20.276989
25 1765365519 7.269027 1 7.269027 7.269027 7.269027
20 1765365519 8.674377 1 8.674377 8.674377 8.674377
18 1765365524 11.732170 1 11.732170 11.732170 11.732170
23 1765365524 6.939251 1 6.939251 6.939251 6.939251
39 1765365524 0.556347 1 0.556347 0.556347 0.556347
41 1765365524 0.555898 1 0.555898 0.555898 0.555898
35 1765365524 5.005070 1 5.005070 5.005070 5.005070
25 1765365524 6.939013 1 6.939013 6.939013 6.939013
37 1765365524 4.641702 1 4.641702 4.641702 4.641702
20 1765365524 8.699782 1 8.699782 8.699782 8.699782
31 1765365529 20.286170 1 20.286170 20.286170 20.286170
33 1765365529 20.286405 1 20.286405 20.286405 20.286405
27 1765365534 1.110672 2 1.110672 1.110672 1.110672
18 1765365534 11.516409 1 11.516409 11.516409 11.516409
29 1765365534 1.110921 2 1.110921 1.110921 1.110921
23 1765365534 6.967698 1 6.967698 6.967698 6.967698
35 1765365534 4.942804 1 4.942804 4.942804 4.942804
31 1765365534 20.269868 1 20.269868 20.269868 20.269868
33 1765365534 20.270218 1 20.270218 20.270218 20.270218
25 1765365534 6.967449 1 6.967449 6.967449 6.967449
37 1765365534 4.607866 1 4.607866 4.607866 4.607866
20 1765365534 8.676453 1 8.676453 8.676453 8.676453
52 1765365539 0.000011 1 0.000011 0.000011 0.000011
27 1765365539 1.358427 1 1.358427 1.358427 1.358427
29 1765365539 1.358658 1 1.358658 1.358658 1.358658
39 1765365539 0.546873 1 0.546873 0.546873 0.546873
41 1765365539 0.546726 1 0.546726 0.546726 0.546726
31 1765365539 20.279401 1 20.279401 20.279401 20.279401
33 1765365539 20.279642 1 20.279642 20.279642 20.279642
27 1765365544 0.721783 1 0.721783 0.721783 0.721783
29 1765365544 0.722025 1 0.722025 0.722025 0.722025
23 1765365544 7.072058 1 7.072058 7.072058 7.072058
39 1765365544 0.581128 1 0.581128 0.581128 0.581128
41 1765365544 0.580909 1 0.580909 0.580909 0.580909
35 1765365544 5.069626 2 5.069626 5.069626 5.069626
31 1765365544 20.312763 1 20.312763 20.312763 20.312763
33 1765365544 20.313008 1 20.313008 20.313008 20.313008
25 1765365544 7.071810 1 7.071810 7.071810 7.071810
37 1765365544 4.710142 2 4.710142 4.710142 4.710142
52 1765365549 0.000016 1 0.000016 0.000016 0.000016
39 1765365549 3.701192 2 3.701192 3.701192 3.701192
41 1765365549 3.700939 2 3.700939 3.700939 3.700939
35 1765365549 5.203147 1 5.203147 5.203147 5.203147
37 1765365549 4.858141 1 4.858141 4.858141 4.858141
27 1765365554 0.691034 1 0.691034 0.691034 0.691034
29 1765365554 0.691284 1 0.691284 0.691284 0.691284
31 1765365554 20.376028 1 20.376028 20.376028 20.376028
33 1765365554 20.376301 1 20.376301 20.376301 20.376301
18 1765365559 12.387115 2 12.387115 12.387115 12.387115
39 1765365559 1.187511 1 1.187511 1.187511 1.187511
41 1765365559 1.187291 1 1.187291 1.187291 1.187291
35 1765365559 4.956829 1 4.956829 4.956829 4.956829
37 1765365559 4.609616 1 4.609616 4.609616 4.609616
20 1765365559 9.448798 2 9.448798 9.448798 9.448798
27 1765365564 0.733701 1 0.733701 0.733701 0.733701
29 1765365564 0.733918 1 0.733918 0.733918 0.733918
23 1765365564 7.129551 1 7.129551 7.129551 7.129551
31 1765365564 20.262715 1 20.262715 20.262715 20.262715
33 1765365564 20.262945 1 20.262945 20.262945 20.262945
25 1765365564 7.129265 1 7.129265 7.129265 7.129265
23 1765365569 7.225736 1 7.225736 7.225736 7.225736
39 1765365569 0.642411 1 0.642411 0.642411 0.642411
41 1765365569 0.642109 1 0.642109 0.642109 0.642109
35 1765365569 4.994058 1 4.994058 4.994058 4.994058
25 1765365569 7.225506 1 7.225506 7.225506 7.225506
37 1765365569 4.645972 1 4.645972 4.645972 4.645972
18 1765365574 11.543492 1 11.543492 11.543492 11.543492
20 1765365574 8.721750 1 8.721750 8.721750 8.721750
23 1765365579 7.015910 1 7.015910 7.015910 7.015910
25 1765365579 7.015674 1 7.015674 7.015674 7.015674
27 1765365584 0.696939 1 0.696939 0.696939 0.696939
29 1765365584 0.697127 1 0.697127 0.697127 0.697127
31 1765365584 20.302163 1 20.302163 20.302163 20.302163
33 1765365584 20.302310 1 20.302310 20.302310 20.302310
27 1765365589 0.803342 1 0.803342 0.803342 0.803342
29 1765365589 0.803575 1 0.803575 0.803575 0.803575
39 1765365589 1.287831 1 1.287831 1.287831 1.287831
41 1765365589 1.287613 1 1.287613 1.287613 1.287613
35 1765365589 5.451841 1 5.451841 5.451841 5.451841
31 1765365589 20.269847 1 20.269847 20.269847 20.269847
33 1765365589 20.270064 1 20.270064 20.270064 20.270064
37 1765365589 5.098561 1 5.098561 5.098561 5.098561
39 1765365594 0.534606 1 0.534606 0.534606 0.534606
41 1765365594 0.534309 1 0.534309 0.534309 0.534309
35 1765365594 6.990603 1 6.990603 6.990603 6.990603
37 1765365594 6.436283 1 6.436283 6.436283 6.436283
31 1765365599 20.746753 1 20.746753 20.746753 20.746753
33 1765365599 20.746987 1 20.746987 20.746987 20.746987
27 1765365604 1.919209 1 1.919209 1.919209 1.919209
18 1765365604 11.774099 1 11.774099 11.774099 11.774099
29 1765365604 1.919463 1 1.919463 1.919463 1.919463
20 1765365604 8.805469 1 8.805469 8.805469 8.805469
52 1765365609 0.000023 1 0.000023 0.000023 0.000023
18 1765365609 14.255156 1 14.255156 14.255156 14.255156
39 1765365609 1.153678 1 1.153678 1.153678 1.153678
41 1765365609 1.153501 1 1.153501 1.153501 1.153501
35 1765365609 5.302013 1 5.302013 5.302013 5.302013
37 1765365609 4.910300 1 4.910300 4.910300 4.910300
20 1765365609 11.197249 1 11.197249 11.197249 11.197249
23 1765365614 9.432770 1 9.432770 9.432770 9.432770
25 1765365614 9.432530 1 9.432530 9.432530 9.432530
23 1765365619 7.081611 1 7.081611 7.081611 7.081611
25 1765365619 7.081423 1 7.081423 7.081423 7.081423
27 1765365634 0.743300 1 0.743300 0.743300 0.743300
29 1765365634 0.743530 1 0.743530 0.743530 0.743530
31 1765365634 20.254589 1 20.254589 20.254589 20.254589
33 1765365634 20.254844 1 20.254844 20.254844 20.254844
52 1765365639 0.000025 1 0.000025 0.000025 0.000025
27 1765365639 1.014266 1 1.014266 1.014266 1.014266
18 1765365639 72.347975 1 72.347975 72.347975 72.347975
29 1765365639 1.014507 1 1.014507 1.014507 1.014507
39 1765365639 0.800082 1 0.800082 0.800082 0.800082
41 1765365639 0.799842 1 0.799842 0.799842 0.799842
35 1765365639 5.355645 1 5.355645 5.355645 5.355645
31 1765365639 21.121522 1 21.121522 21.121522 21.121522
33 1765365639 21.121725 1 21.121725 21.121725 21.121725
37 1765365639 4.956065 1 4.956065 4.956065 4.956065
20 1765365639 60.929164 1 60.929164 60.929164 60.929164
35 1765365644 6.157911 1 6.157911 6.157911 6.157911
37 1765365644 5.270521 1 5.270521 5.270521 5.270521
39 1765365649 0.777270 1 0.777270 0.777270 0.777270
41 1765365649 0.777024 1 0.777024 0.777024 0.777024
18 1765365659 11.648636 1 11.648636 11.648636 11.648636
20 1765365659 8.696020 1 8.696020 8.696020 8.696020
23 1765365664 6.935182 1 6.935182 6.935182 6.935182
25 1765365664 6.934966 1 6.934966 6.934966 6.934966
27 1765365684 0.691285 1 0.691285 0.691285 0.691285
29 1765365684 0.691442 1 0.691442 0.691442 0.691442
31 1765365684 20.282467 1 20.282467 20.282467 20.282467
33 1765365684 20.282735 1 20.282735 20.282735 20.282735
35 1765365689 4.969359 1 4.969359 4.969359 4.969359
37 1765365689 4.619845 1 4.619845 4.619845 4.619845
52 1765365694 0.000014 1 0.000014 0.000014 0.000014
39 1765365694 0.586339 1 0.586339 0.586339 0.586339
41 1765365694 0.586162 1 0.586162 0.586162 0.586162
52 1765365769 0.000026 1 0.000026 0.000026 0.000026
